0 kwh_h 0.185 0.004 0.002 0.002 0.188 0.022 0.000 0.000 0.189 0.213 tem_h 26.6 26.4 26.8
1 kwh_h 0.242 0.001 0.003 0.005 0.250 0.014 0.000 0.000 0.243 0.272 tem_h 26.5 26.4 26.5
2 kwh_h 0.207 0.000 0.000 0.001 0.219 0.009 0.000 0.000 0.207 0.230 tem_h 26.3 26.1 26.4
3 kwh_h 0.167 0.000 0.000 0.000 0.176 0.009 0.000 0.000 0.168 0.186 tem_h 26.1 26.0 26.2
4 kwh_h 0.140 0.000 0.002 0.000 0.148 0.010 0.000 0.000 0.140 0.161 tem_h 25.9 25.8 26.1
5 kwh_h 0.149 0.000 0.000 0.001 0.161 0.009 0.000 0.000 0.149 0.171 tem_h 25.8 25.8 25.9
6 kwh_h 0.153 0.001 0.000 0.000 0.164 0.009 0.000 0.000 0.154 0.173 tem_h 26.1 25.9 26.2
7 kwh_h 0.183 0.018 0.000 0.034 0.175 0.022 0.001 0.000 0.201 0.232 tem_h 26.3 26.2 26.4
8 kwh_h 0.213 0.002 0.000 0.004 0.216 0.023 0.000 0.000 0.215 0.244 tem_h 26.2 26.1 26.4
9 kwh_h 0.206 0.038 0.024 0.049 0.182 0.024 0.000 0.000 0.244 0.278 tem_h 26.4 26.3 26.5
10 kwh_h 0.209 0.003 0.000 0.003 0.224 0.023 0.000 0.000 0.211 0.250 tem_h 26.6 26.5 26.7
11 kwh_h 0.974 0.832 1.624 0.007 0.197 0.030 0.001 0.001 1.806 1.860 tem_h 26.8 26.6 27.0
12 kwh_h 0.317 0.001 0.000 0.000 0.328 0.023 0.000 0.000 0.318 0.351 tem_h 27.1 27.0 27.2
13 kwh_h 0.458 0.226 0.440 0.000 0.254 0.025 0.001 0.001 0.684 0.720 tem_h 27.4 27.2 27.5
14 kwh_h 0.273 0.003 0.001 0.004 0.286 0.024 0.000 0.000 0.276 0.314 tem_h 27.6 27.4 27.7
15 kwh_h 0.278 0.002 0.000 0.000 0.291 0.024 0.000 0.000 0.280 0.316 tem_h 27.7 27.6 27.8
16 kwh_h 0.155 0.001 0.000 0.001 0.166 0.023 0.000 0.000 0.156 0.190 tem_h 27.8 27.8 27.9
17 kwh_h 0.137 0.001 0.000 0.000 0.150 0.023 0.000 0.000 0.138 0.173 tem_h 27.8 27.8 27.8
18 kwh_h 0.180 0.002 0.001 0.001 0.190 0.024 0.000 0.000 0.182 0.216 tem_h 27.7 27.7 27.8
19 kwh_h 0.130 0.001 0.001 0.001 0.142 0.023 0.000 0.000 0.131 0.166 tem_h 27.7 27.6 27.8
20 kwh_h 0.178 0.004 0.001 0.001 0.185 0.025 0.000 0.000 0.182 0.213 tem_h 27.6 27.5 27.6
21 kwh_h 0.127 0.001 0.000 0.000 0.139 0.023 0.000 0.000 0.128 0.163 tem_h 27.4 27.3 27.6
22 kwh_h 0.195 0.001 0.000 0.000 0.207 0.023 0.000 0.000 0.196 0.230 tem_h 27.3 27.2 27.4
23 kwh_h 0.155 0.000 0.000 0.000 0.164 0.009 0.000 0.000 0.155 0.173 tem_h 27.1 27.0 27.2
