0 kwh_h 0.310 0.001 0.000 0.000 0.316 0.010 0.000 0.000 0.310 0.327 tem_h 26.4 26.2 26.6
1 kwh_h 0.283 0.002 0.000 0.001 0.294 0.021 0.000 0.000 0.285 0.316 tem_h 26.1 26.0 26.2
2 kwh_h 0.159 0.002 0.000 0.000 0.169 0.021 0.000 0.000 0.161 0.191 tem_h 25.9 25.8 26.1
3 kwh_h 0.147 0.001 0.000 0.001 0.156 0.011 0.000 0.000 0.147 0.168 tem_h 25.7 25.6 25.9
4 kwh_h 0.143 0.000 0.000 0.000 0.155 0.008 0.000 0.000 0.144 0.164 tem_h 25.6 25.5 25.7
5 kwh_h 0.144 0.000 0.001 0.000 0.155 0.008 0.000 0.000 0.144 0.165 tem_h 25.4 25.4 25.5
6 kwh_h 0.141 0.001 0.001 0.001 0.151 0.008 0.000 0.000 0.141 0.161 tem_h 25.4 25.3 25.4
7 kwh_h 0.146 0.002 0.001 0.002 0.156 0.022 0.000 0.000 0.148 0.180 tem_h 25.4 25.3 25.5
8 kwh_h 0.318 0.158 0.307 0.000 0.178 0.023 0.000 0.000 0.476 0.508 tem_h 25.5 25.4 25.7
9 kwh_h 0.152 0.001 0.000 0.001 0.162 0.022 0.000 0.000 0.152 0.185 tem_h 25.8 25.6 26.0
10 kwh_h 0.215 0.002 0.001 0.001 0.224 0.023 0.000 0.000 0.217 0.249 tem_h 26.0 25.9 26.1
11 kwh_h 0.612 0.427 0.000 0.829 0.222 0.024 0.000 0.001 1.039 1.077 tem_h 26.3 26.0 26.6
12 kwh_h 0.739 0.440 0.019 0.857 0.327 0.023 0.001 0.000 1.178 1.227 tem_h 26.8 26.6 27.0
13 kwh_h 0.940 0.445 0.004 0.865 0.528 0.022 0.000 0.002 1.385 1.421 tem_h 27.0 26.8 27.3
14 kwh_h 0.389 0.193 0.001 0.370 0.221 0.025 0.000 0.000 0.582 0.618 tem_h 27.2 27.0 27.4
15 kwh_h 0.709 0.383 0.004 0.718 0.364 0.022 0.001 0.001 1.092 1.109 tem_h 27.1 27.1 27.2
16 kwh_h 0.660 0.384 0.001 0.728 0.309 0.022 0.001 0.000 1.044 1.060 tem_h 27.2 27.1 27.2
17 kwh_h 0.971 0.811 1.183 0.396 0.213 0.027 0.000 0.000 1.782 1.821 tem_h 27.1 27.0 27.2
18 kwh_h 0.389 0.038 0.001 0.072 0.364 0.022 0.000 0.000 0.427 0.458 tem_h 27.0 26.9 27.1
19 kwh_h 0.500 0.154 0.298 0.000 0.363 0.025 0.001 0.000 0.654 0.687 tem_h 26.9 26.8 27.1
20 kwh_h 0.321 0.002 0.000 0.000 0.332 0.023 0.000 0.000 0.323 0.356 tem_h 26.8 26.6 26.9
21 kwh_h 0.364 0.025 0.002 0.050 0.345 0.023 0.000 0.000 0.390 0.420 tem_h 26.6 26.5 26.7
22 kwh_h 0.276 0.003 0.000 0.000 0.294 0.023 0.000 0.000 0.279 0.317 tem_h 26.5 26.4 26.6
23 kwh_h 0.245 0.000 0.000 0.002 0.246 0.011 0.000 0.000 0.245 0.258 tem_h 26.3 26.1 26.4
