0 kwh_h 0.324 0.000 0.000 0.000 0.328 0.007 0.000 0.000 0.324 0.336 tem_h 27.3 27.2 27.3
1 kwh_h 0.231 0.002 0.001 0.000 0.241 0.017 0.000 0.000 0.232 0.259 tem_h 27.1 27.1 27.2
2 kwh_h 0.264 0.000 0.003 0.001 0.274 0.012 0.000 0.000 0.265 0.290 tem_h 27.0 26.9 27.1
3 kwh_h 0.137 0.000 0.000 0.001 0.146 0.011 0.000 0.000 0.138 0.158 tem_h 26.8 26.6 26.9
4 kwh_h 0.164 0.000 0.000 0.000 0.176 0.010 0.000 0.000 0.165 0.186 tem_h 26.5 26.4 26.7
5 kwh_h 0.164 0.000 0.000 0.001 0.173 0.010 0.000 0.000 0.164 0.184 tem_h 26.3 26.2 26.4
6 kwh_h 0.131 0.000 0.000 0.000 0.142 0.010 0.000 0.000 0.131 0.152 tem_h 26.6 26.2 26.9
7 kwh_h 0.677 0.536 1.025 0.001 0.176 0.022 0.000 0.000 1.213 1.224 tem_h 27.0 26.9 27.1
8 kwh_h 0.186 0.002 0.000 0.000 0.197 0.022 0.000 0.000 0.188 0.220 tem_h 27.2 27.0 27.3
9 kwh_h 0.180 0.004 0.000 0.003 0.192 0.023 0.000 0.000 0.184 0.218 tem_h 27.5 27.3 27.6
10 kwh_h 0.339 0.147 0.288 0.002 0.207 0.022 0.000 0.000 0.486 0.520 tem_h 27.7 27.6 27.9
11 kwh_h 0.675 0.508 0.286 0.696 0.192 0.023 0.001 0.000 1.183 1.198 tem_h 27.9 27.8 28.1
12 kwh_h 0.615 0.367 0.002 0.698 0.282 0.022 0.000 0.000 0.982 1.004 tem_h 28.2 28.0 28.3
13 kwh_h 0.516 0.297 0.407 0.187 0.251 0.026 0.000 0.001 0.813 0.872 tem_h 28.4 28.3 28.6
14 kwh_h 0.604 0.361 0.008 0.689 0.274 0.023 0.001 0.001 0.965 0.995 tem_h 28.6 28.5 28.7
15 kwh_h 0.565 0.363 0.000 0.713 0.232 0.022 0.000 0.000 0.928 0.968 tem_h 28.9 28.7 29.1
16 kwh_h 0.220 0.001 0.000 0.002 0.220 0.022 0.000 0.001 0.222 0.244 tem_h 29.0 28.9 29.1
17 kwh_h 0.137 0.003 0.000 0.002 0.144 0.023 0.000 0.000 0.140 0.169 tem_h 28.9 28.7 28.9
18 kwh_h 0.266 0.066 0.125 0.000 0.221 0.024 0.000 0.000 0.332 0.370 tem_h 28.8 28.7 28.8
19 kwh_h 0.173 0.001 0.000 0.000 0.183 0.022 0.000 0.000 0.174 0.205 tem_h 28.6 28.6 28.7
20 kwh_h 0.217 0.005 0.003 0.003 0.225 0.024 0.000 0.000 0.222 0.255 tem_h 28.5 28.4 28.6
21 kwh_h 0.213 0.002 0.001 0.003 0.220 0.021 0.000 0.000 0.215 0.245 tem_h 28.4 28.4 28.5
22 kwh_h 0.328 0.001 0.001 0.002 0.336 0.022 0.000 0.000 0.329 0.360 tem_h 28.4 28.3 28.4
23 kwh_h 0.326 0.000 0.000 0.003 0.329 0.008 0.000 0.000 0.327 0.340 tem_h 28.3 28.1 28.4
