0 kwh_h 0.210 0.000 0.000 0.001 0.220 0.007 0.000 0.000 0.210 0.229 tem_h 26.1 26.0 26.2
1 kwh_h 0.181 0.002 0.001 0.001 0.192 0.017 0.000 0.000 0.183 0.211 tem_h 25.9 25.9 26.1
2 kwh_h 0.138 0.000 0.000 0.000 0.150 0.013 0.000 0.000 0.138 0.164 tem_h 25.9 25.8 25.9
3 kwh_h 0.147 0.000 0.000 0.000 0.158 0.009 0.000 0.000 0.147 0.167 tem_h 25.8 25.7 25.9
4 kwh_h 0.152 0.000 0.000 0.000 0.162 0.009 0.000 0.000 0.152 0.171 tem_h 25.7 25.6 25.8
5 kwh_h 0.226 0.000 0.004 0.000 0.233 0.009 0.000 0.000 0.226 0.246 tem_h 25.5 25.4 25.6
6 kwh_h 0.223 0.000 0.001 0.000 0.232 0.008 0.000 0.000 0.223 0.241 tem_h 25.5 25.4 25.6
7 kwh_h 0.168 0.001 0.000 0.002 0.174 0.022 0.000 0.000 0.169 0.198 tem_h 25.6 25.4 25.8
8 kwh_h 0.254 0.001 0.000 0.001 0.259 0.021 0.000 0.000 0.255 0.281 tem_h 25.8 25.7 25.9
9 kwh_h 0.201 0.001 0.000 0.002 0.211 0.022 0.000 0.000 0.202 0.235 tem_h 26.0 25.9 26.1
10 kwh_h 0.213 0.002 0.000 0.003 0.220 0.022 0.000 0.000 0.215 0.245 tem_h 26.2 26.0 26.4
11 kwh_h 0.186 0.003 0.000 0.003 0.195 0.018 0.000 0.000 0.189 0.216 tem_h 26.4 26.3 26.5
12 kwh_h 0.617 0.219 0.004 0.410 0.431 0.012 0.000 0.001 0.836 0.858 tem_h 26.6 26.4 26.8
13 kwh_h 0.644 0.420 0.011 0.819 0.255 0.020 0.001 0.001 1.064 1.107 tem_h 26.9 26.8 27.1
14 kwh_h 0.691 0.432 0.007 0.823 0.289 0.020 0.001 0.001 1.124 1.141 tem_h 27.3 27.1 27.6
15 kwh_h 0.791 0.524 0.266 0.763 0.315 0.027 0.000 0.001 1.315 1.372 tem_h 27.5 27.5 27.6
16 kwh_h 0.562 0.288 0.044 0.512 0.307 0.024 0.001 0.001 0.850 0.890 tem_h 27.4 27.3 27.6
17 kwh_h 0.268 0.022 0.000 0.033 0.261 0.022 0.000 0.000 0.290 0.316 tem_h 27.3 27.2 27.4
18 kwh_h 0.380 0.124 0.224 0.007 0.277 0.023 0.002 0.002 0.505 0.535 tem_h 27.1 27.1 27.2
19 kwh_h 0.321 0.024 0.000 0.045 0.303 0.022 0.000 0.000 0.345 0.370 tem_h 27.1 27.0 27.1
20 kwh_h 0.665 0.244 0.451 0.021 0.459 0.027 0.000 0.000 0.909 0.959 tem_h 26.9 26.8 27.1
21 kwh_h 0.716 0.335 0.656 0.000 0.422 0.024 0.001 0.000 1.052 1.103 tem_h 26.8 26.8 26.9
22 kwh_h 0.286 0.001 0.000 0.001 0.293 0.022 0.000 0.000 0.287 0.316 tem_h 26.8 26.6 26.9
23 kwh_h 0.280 0.001 0.000 0.001 0.289 0.008 0.000 0.000 0.280 0.298 tem_h 26.6 26.6 26.8
