0 kwh_h 0.207 0.004 0.000 0.000 0.218 0.021 0.000 0.000 0.211 0.240 tem_h 27.2 27.1 27.3
1 kwh_h 0.218 0.000 0.000 0.000 0.225 0.010 0.000 0.000 0.218 0.236 tem_h 27.1 27.0 27.2
2 kwh_h 0.176 0.000 0.000 0.000 0.186 0.008 0.000 0.000 0.176 0.195 tem_h 26.9 26.9 27.1
3 kwh_h 0.151 0.000 0.000 0.000 0.163 0.008 0.000 0.000 0.152 0.172 tem_h 26.8 26.8 26.9
4 kwh_h 0.173 0.001 0.001 0.000 0.183 0.008 0.000 0.000 0.173 0.193 tem_h 26.7 26.6 26.8
5 kwh_h 0.241 0.000 0.000 0.001 0.250 0.008 0.000 0.000 0.242 0.261 tem_h 26.6 26.4 26.6
6 kwh_h 0.203 0.003 0.000 0.000 0.211 0.008 0.000 0.000 0.206 0.220 tem_h 26.4 26.4 26.5
7 kwh_h 0.156 0.001 0.000 0.000 0.166 0.022 0.000 0.000 0.157 0.188 tem_h 26.4 26.3 26.4
8 kwh_h 0.206 0.004 0.000 0.003 0.214 0.022 0.000 0.000 0.210 0.239 tem_h 26.4 26.4 26.5
9 kwh_h 0.183 0.001 0.000 0.001 0.193 0.022 0.000 0.000 0.183 0.216 tem_h 26.6 26.5 26.7
10 kwh_h 0.257 0.003 0.000 0.007 0.265 0.022 0.001 0.000 0.260 0.296 tem_h 26.7 26.6 26.8
11 kwh_h 0.340 0.004 0.000 0.001 0.350 0.024 0.000 0.000 0.345 0.375 tem_h 26.9 26.8 26.9
12 kwh_h 0.482 0.032 0.004 0.060 0.448 0.023 0.000 0.000 0.514 0.535 tem_h 27.0 26.9 27.2
13 kwh_h 0.724 0.422 0.012 0.814 0.339 0.022 0.001 0.001 1.146 1.189 tem_h 27.2 27.1 27.2
14 kwh_h 0.718 0.449 0.007 0.856 0.313 0.027 0.000 0.001 1.166 1.204 tem_h 27.4 27.2 27.6
15 kwh_h 0.656 0.436 0.000 0.855 0.271 0.022 0.000 0.000 1.092 1.149 tem_h 27.6 27.4 27.7
16 kwh_h 0.436 0.164 0.000 0.292 0.307 0.022 0.000 0.000 0.599 0.622 tem_h 27.6 27.6 27.7
17 kwh_h 0.310 0.010 0.001 0.012 0.305 0.022 0.000 0.000 0.320 0.341 tem_h 27.6 27.5 27.6
18 kwh_h 0.499 0.267 0.524 0.000 0.270 0.024 0.001 0.000 0.765 0.819 tem_h 27.4 27.3 27.6
19 kwh_h 0.300 0.001 0.001 0.001 0.311 0.022 0.000 0.000 0.301 0.334 tem_h 27.4 27.3 27.6
20 kwh_h 0.409 0.151 0.289 0.000 0.282 0.024 0.000 0.000 0.560 0.596 tem_h 27.5 27.5 27.6
21 kwh_h 0.415 0.001 0.000 0.000 0.422 0.022 0.000 0.000 0.416 0.444 tem_h 27.5 27.4 27.6
22 kwh_h 0.421 0.001 0.001 0.004 0.419 0.022 0.001 0.001 0.422 0.447 tem_h 27.5 27.4 27.6
23 kwh_h 0.303 0.002 0.000 0.000 0.312 0.011 0.000 0.000 0.305 0.324 tem_h 27.4 27.3 27.4
