0 kwh_h 0.183 0.000 0.001 0.000 0.194 0.008 0.000 0.000 0.184 0.204 tem_h 27.0 26.8 27.1
1 kwh_h 0.145 0.000 0.000 0.000 0.157 0.008 0.000 0.000 0.146 0.165 tem_h 26.8 26.7 26.9
2 kwh_h 0.161 0.000 0.000 0.000 0.173 0.008 0.000 0.000 0.162 0.181 tem_h 26.6 26.5 26.7
3 kwh_h 0.148 0.001 0.000 0.000 0.160 0.008 0.000 0.000 0.149 0.169 tem_h 26.4 26.3 26.6
4 kwh_h 0.148 0.000 0.001 0.000 0.160 0.008 0.000 0.000 0.148 0.170 tem_h 26.2 26.1 26.4
5 kwh_h 0.158 0.000 0.000 0.001 0.170 0.008 0.000 0.000 0.158 0.179 tem_h 26.1 26.0 26.1
6 kwh_h 0.139 0.000 0.000 0.000 0.151 0.008 0.000 0.000 0.139 0.160 tem_h 26.4 26.1 26.7
7 kwh_h 0.167 0.002 0.000 0.000 0.178 0.024 0.000 0.000 0.168 0.202 tem_h 26.8 26.7 26.8
8 kwh_h 0.131 0.001 0.000 0.000 0.144 0.023 0.000 0.000 0.132 0.167 tem_h 26.8 26.8 26.9
9 kwh_h 0.176 0.001 0.000 0.000 0.186 0.023 0.000 0.000 0.177 0.209 tem_h 27.0 26.9 27.1
10 kwh_h 0.127 0.001 0.000 0.000 0.140 0.023 0.000 0.000 0.128 0.163 tem_h 27.2 27.1 27.3
11 kwh_h 0.176 0.001 0.001 0.000 0.186 0.023 0.000 0.000 0.178 0.211 tem_h 27.5 27.3 27.6
12 kwh_h 0.134 0.001 0.000 0.000 0.146 0.023 0.000 0.000 0.135 0.169 tem_h 27.6 27.5 27.8
13 kwh_h 0.174 0.001 0.000 0.000 0.186 0.023 0.000 0.000 0.175 0.209 tem_h 27.8 27.7 27.9
14 kwh_h 0.144 0.002 0.000 0.000 0.155 0.024 0.000 0.000 0.146 0.179 tem_h 28.1 27.9 28.3
15 kwh_h 0.165 0.001 0.000 0.000 0.177 0.023 0.000 0.000 0.166 0.200 tem_h 28.2 28.1 28.3
16 kwh_h 0.150 0.001 0.000 0.000 0.162 0.023 0.000 0.000 0.151 0.185 tem_h 28.3 28.3 28.4
17 kwh_h 0.167 0.002 0.000 0.000 0.178 0.024 0.000 0.000 0.169 0.202 tem_h 28.4 28.3 28.4
18 kwh_h 0.155 0.002 0.000 0.003 0.168 0.023 0.000 0.000 0.158 0.194 tem_h 28.4 28.4 28.4
19 kwh_h 0.986 0.472 0.861 0.076 0.586 0.028 0.000 0.000 1.458 1.551 tem_h 28.3 28.2 28.4
20 kwh_h 0.448 0.002 0.001 0.001 0.455 0.023 0.000 0.000 0.449 0.481 tem_h 28.3 28.2 28.3
21 kwh_h 0.333 0.038 0.001 0.074 0.308 0.023 0.000 0.000 0.370 0.406 tem_h 28.3 28.2 28.3
22 kwh_h 0.646 0.396 0.000 0.773 0.283 0.023 0.000 0.000 1.042 1.080 tem_h 28.2 28.1 28.3
23 kwh_h 0.678 0.378 0.005 0.751 0.321 0.009 0.001 0.001 1.056 1.089 tem_h 28.1 27.9 28.2
