0 kwh_h 0.196 0.002 0.000 0.000 0.208 0.015 0.000 0.000 0.198 0.223 tem_h 25.7 25.6 25.9
1 kwh_h 0.142 0.001 0.000 0.002 0.153 0.012 0.001 0.000 0.143 0.168 tem_h 25.5 25.4 25.6
2 kwh_h 0.146 0.001 0.001 0.001 0.156 0.009 0.000 0.000 0.147 0.167 tem_h 25.4 25.2 25.5
3 kwh_h 0.145 0.000 0.000 0.000 0.156 0.009 0.000 0.000 0.145 0.165 tem_h 25.1 25.0 25.3
4 kwh_h 0.146 0.000 0.000 0.000 0.157 0.009 0.000 0.000 0.146 0.167 tem_h 25.0 24.9 25.1
5 kwh_h 0.143 0.000 0.000 0.000 0.155 0.009 0.000 0.000 0.144 0.164 tem_h 24.9 24.7 24.9
6 kwh_h 0.143 0.000 0.000 0.000 0.154 0.008 0.000 0.000 0.143 0.162 tem_h 24.9 24.7 25.1
7 kwh_h 0.158 0.002 0.000 0.000 0.169 0.022 0.000 0.000 0.160 0.192 tem_h 24.9 24.8 25.1
8 kwh_h 0.171 0.001 0.000 0.000 0.174 0.022 0.000 0.000 0.172 0.196 tem_h 25.1 24.9 25.2
9 kwh_h 0.203 0.001 0.000 0.000 0.210 0.022 0.000 0.000 0.204 0.231 tem_h 25.1 25.0 25.2
10 kwh_h 0.312 0.050 0.002 0.002 0.318 0.069 0.000 0.000 0.362 0.391 tem_h 25.3 25.1 25.4
11 kwh_h 0.489 0.002 0.000 0.002 0.490 0.024 0.000 0.000 0.491 0.516 tem_h 25.5 25.3 25.6
12 kwh_h 0.247 0.016 0.001 0.030 0.240 0.021 0.000 0.000 0.263 0.292 tem_h 25.6 25.5 25.7
13 kwh_h 0.223 0.005 0.000 0.000 0.232 0.024 0.000 0.000 0.228 0.257 tem_h 25.6 25.5 25.8
14 kwh_h 0.328 0.007 0.001 0.000 0.334 0.029 0.000 0.000 0.335 0.364 tem_h 25.9 25.8 26.0
15 kwh_h 0.427 0.233 0.417 0.004 0.239 0.024 0.004 0.000 0.660 0.688 tem_h 25.9 25.8 26.0
16 kwh_h 0.225 0.011 0.000 0.013 0.231 0.022 0.000 0.000 0.236 0.266 tem_h 26.0 25.9 26.1
17 kwh_h 0.376 0.179 0.324 0.000 0.229 0.034 0.000 0.000 0.554 0.588 tem_h 26.0 25.9 26.1
18 kwh_h 0.605 0.448 0.856 0.013 0.204 0.029 0.000 0.000 1.053 1.103 tem_h 25.8 25.8 25.9
19 kwh_h 0.344 0.041 0.003 0.071 0.317 0.026 0.001 0.000 0.385 0.418 tem_h 25.8 25.6 25.8
20 kwh_h 0.412 0.088 0.001 0.172 0.336 0.022 0.000 0.000 0.500 0.532 tem_h 25.5 25.3 25.7
21 kwh_h 0.646 0.319 0.000 0.609 0.355 0.026 0.001 0.000 0.965 0.991 tem_h 25.3 25.3 25.4
22 kwh_h 0.378 0.015 0.001 0.017 0.377 0.024 0.000 0.000 0.393 0.420 tem_h 25.2 25.1 25.4
23 kwh_h 0.277 0.003 0.000 0.006 0.283 0.011 0.000 0.000 0.281 0.300 tem_h 24.8 24.6 25.1
