0 kwh_h 0.628 0.308 0.499 0.107 0.354 0.013 0.001 0.000 0.936 0.973 tem_h 24.4 24.3 24.5
1 kwh_h 0.245 0.004 0.000 0.000 0.253 0.009 0.000 0.000 0.248 0.262 tem_h 24.2 24.0 24.4
2 kwh_h 0.137 0.001 0.000 0.000 0.149 0.022 0.000 0.000 0.138 0.171 tem_h 24.0 23.9 24.1
3 kwh_h 0.135 0.001 0.000 0.001 0.144 0.011 0.000 0.000 0.136 0.156 tem_h 23.9 23.7 24.0
4 kwh_h 0.142 0.000 0.001 0.001 0.153 0.006 0.000 0.000 0.142 0.161 tem_h 23.8 23.7 23.9
5 kwh_h 0.127 0.000 0.004 0.000 0.135 0.005 0.000 0.000 0.127 0.144 tem_h 23.7 23.6 23.7
6 kwh_h 0.120 0.001 0.000 0.001 0.126 0.006 0.000 0.000 0.120 0.133 tem_h 23.5 23.5 23.6
7 kwh_h 0.136 0.002 0.001 0.000 0.145 0.021 0.000 0.000 0.138 0.167 tem_h 23.6 23.5 23.7
8 kwh_h 0.141 0.001 0.000 0.000 0.148 0.022 0.000 0.000 0.141 0.169 tem_h 23.8 23.6 23.9
9 kwh_h 0.213 0.009 0.000 0.016 0.213 0.022 0.000 0.000 0.222 0.252 tem_h 23.9 23.8 23.9
10 kwh_h 0.397 0.190 0.369 0.000 0.222 0.024 0.000 0.000 0.587 0.615 tem_h 23.9 23.8 23.9
11 kwh_h 0.239 0.090 0.167 0.000 0.168 0.024 0.000 0.000 0.329 0.360 tem_h 24.0 23.9 24.1
12 kwh_h 0.278 0.004 0.003 0.004 0.280 0.024 0.000 0.001 0.283 0.313 tem_h 24.1 24.1 24.3
13 kwh_h 0.452 0.160 0.289 0.006 0.304 0.025 0.002 0.001 0.612 0.627 tem_h 24.2 24.1 24.3
14 kwh_h 0.236 0.001 0.001 0.001 0.239 0.021 0.000 0.000 0.236 0.263 tem_h 24.3 24.2 24.3
15 kwh_h 0.233 0.002 0.000 0.003 0.235 0.022 0.000 0.000 0.234 0.260 tem_h 24.2 24.2 24.3
16 kwh_h 0.201 0.002 0.000 0.002 0.214 0.022 0.000 0.000 0.202 0.238 tem_h 24.2 24.2 24.3
17 kwh_h 0.151 0.001 0.000 0.000 0.161 0.022 0.000 0.000 0.152 0.183 tem_h 24.2 24.1 24.3
18 kwh_h 0.503 0.396 0.736 0.000 0.148 0.036 0.000 0.000 0.899 0.921 tem_h 24.1 24.1 24.2
19 kwh_h 0.425 0.054 0.001 0.000 0.433 0.046 0.000 0.000 0.479 0.480 tem_h 24.1 23.9 24.1
20 kwh_h 0.288 0.026 0.000 0.033 0.280 0.026 0.000 0.000 0.314 0.339 tem_h 23.9 23.9 24.0
21 kwh_h 0.334 0.016 0.000 0.027 0.332 0.022 0.000 0.000 0.350 0.381 tem_h 23.8 23.7 23.9
22 kwh_h 0.261 0.001 0.002 0.003 0.268 0.022 0.000 0.000 0.262 0.294 tem_h 23.8 23.7 23.9
23 kwh_h 0.289 0.017 0.032 0.001 0.282 0.010 0.000 0.000 0.305 0.324 tem_h 23.7 23.7 23.8
