0 kwh_h 0.587 0.303 0.595 0.000 0.318 0.019 0.000 0.000 0.890 0.932 tem_h 27.3 27.2 27.4
1 kwh_h 0.184 0.003 0.002 0.001 0.191 0.018 0.000 0.000 0.187 0.213 tem_h 27.3 27.2 27.3
2 kwh_h 0.167 0.001 0.000 0.001 0.176 0.015 0.000 0.000 0.168 0.192 tem_h 27.2 27.1 27.2
3 kwh_h 0.176 0.000 0.000 0.001 0.186 0.009 0.000 0.000 0.176 0.196 tem_h 27.1 27.0 27.1
4 kwh_h 0.139 0.000 0.000 0.001 0.148 0.009 0.000 0.000 0.140 0.158 tem_h 27.0 26.9 27.1
5 kwh_h 0.153 0.000 0.000 0.001 0.164 0.009 0.000 0.000 0.153 0.173 tem_h 26.8 26.8 26.9
6 kwh_h 0.161 0.000 0.000 0.000 0.169 0.009 0.000 0.000 0.161 0.178 tem_h 26.7 26.7 26.8
7 kwh_h 0.186 0.003 0.001 0.002 0.196 0.022 0.000 0.000 0.189 0.221 tem_h 26.7 26.6 26.8
8 kwh_h 0.199 0.019 0.000 0.037 0.189 0.022 0.000 0.000 0.218 0.249 tem_h 26.6 26.6 26.7
9 kwh_h 0.164 0.006 0.001 0.003 0.170 0.025 0.000 0.000 0.171 0.199 tem_h 26.6 26.6 26.7
10 kwh_h 0.344 0.192 0.372 0.000 0.172 0.024 0.000 0.000 0.535 0.568 tem_h 26.6 26.6 26.7
11 kwh_h 0.612 0.343 0.639 0.004 0.283 0.028 0.002 0.002 0.955 0.960 tem_h 26.7 26.6 26.8
12 kwh_h 0.272 0.003 0.000 0.003 0.276 0.022 0.000 0.000 0.275 0.301 tem_h 26.9 26.8 27.1
13 kwh_h 0.161 0.001 0.000 0.001 0.165 0.022 0.000 0.000 0.161 0.188 tem_h 27.1 27.1 27.1
14 kwh_h 0.187 0.002 0.000 0.004 0.189 0.022 0.000 0.000 0.189 0.215 tem_h 26.9 26.8 27.0
15 kwh_h 0.266 0.002 0.000 0.000 0.276 0.022 0.000 0.000 0.268 0.299 tem_h 26.7 26.6 26.8
16 kwh_h 0.261 0.019 0.000 0.037 0.252 0.022 0.000 0.000 0.280 0.311 tem_h 26.5 26.3 26.6
17 kwh_h 0.183 0.004 0.000 0.003 0.187 0.023 0.000 0.000 0.187 0.213 tem_h 26.4 26.4 26.5
18 kwh_h 0.445 0.204 0.387 0.005 0.263 0.026 0.000 0.000 0.649 0.681 tem_h 26.4 26.3 26.4
19 kwh_h 0.450 0.052 0.001 0.096 0.407 0.024 0.000 0.000 0.502 0.528 tem_h 26.3 26.2 26.4
20 kwh_h 0.328 0.002 0.001 0.000 0.336 0.023 0.000 0.000 0.331 0.359 tem_h 26.3 26.2 26.3
21 kwh_h 0.664 0.317 0.618 0.004 0.371 0.025 0.000 0.000 0.981 1.017 tem_h 26.1 26.1 26.2
22 kwh_h 0.309 0.005 0.004 0.001 0.321 0.024 0.000 0.000 0.314 0.350 tem_h 26.1 26.0 26.1
23 kwh_h 0.258 0.000 0.000 0.000 0.272 0.008 0.000 0.000 0.258 0.280 tem_h 25.9 25.8 26.1
