0 kwh_h 0.297 0.001 0.003 0.001 0.301 0.008 0.000 0.000 0.298 0.313 tem_h 26.5 26.4 26.6
1 kwh_h 0.251 0.000 0.000 0.000 0.257 0.008 0.000 0.000 0.251 0.265 tem_h 26.3 26.2 26.4
2 kwh_h 0.169 0.001 0.000 0.001 0.181 0.014 0.000 0.000 0.169 0.196 tem_h 26.2 26.1 26.3
3 kwh_h 0.177 0.000 0.000 0.000 0.187 0.011 0.000 0.000 0.177 0.198 tem_h 26.1 25.9 26.2
4 kwh_h 0.130 0.000 0.000 0.000 0.142 0.008 0.000 0.000 0.130 0.151 tem_h 25.9 25.8 26.0
5 kwh_h 0.167 0.001 0.001 0.001 0.174 0.009 0.000 0.000 0.168 0.185 tem_h 25.8 25.7 25.8
6 kwh_h 0.139 0.000 0.000 0.001 0.151 0.009 0.000 0.000 0.139 0.161 tem_h 25.9 25.8 26.1
7 kwh_h 0.144 0.001 0.001 0.001 0.151 0.021 0.000 0.000 0.145 0.174 tem_h 26.2 26.1 26.3
8 kwh_h 0.209 0.001 0.000 0.003 0.221 0.022 0.000 0.000 0.210 0.246 tem_h 26.3 26.2 26.4
9 kwh_h 0.276 0.002 0.000 0.003 0.278 0.021 0.000 0.001 0.278 0.304 tem_h 26.5 26.4 26.6
10 kwh_h 0.303 0.001 0.001 0.003 0.314 0.022 0.000 0.000 0.304 0.339 tem_h 26.6 26.5 26.8
11 kwh_h 0.293 0.001 0.000 0.001 0.301 0.022 0.000 0.000 0.294 0.324 tem_h 26.8 26.7 27.0
12 kwh_h 0.286 0.020 0.000 0.039 0.276 0.022 0.000 0.000 0.306 0.337 tem_h 27.1 26.9 27.3
13 kwh_h 0.340 0.002 0.001 0.001 0.351 0.022 0.000 0.000 0.342 0.375 tem_h 27.4 27.2 27.4
14 kwh_h 0.220 0.001 0.001 0.001 0.220 0.022 0.000 0.000 0.221 0.245 tem_h 27.5 27.4 27.6
15 kwh_h 0.220 0.001 0.000 0.000 0.227 0.022 0.000 0.000 0.221 0.249 tem_h 27.5 27.5 27.6
16 kwh_h 0.273 0.002 0.003 0.001 0.277 0.022 0.000 0.000 0.275 0.303 tem_h 27.5 27.4 27.6
17 kwh_h 0.463 0.033 0.000 0.012 0.474 0.049 0.000 0.000 0.496 0.535 tem_h 27.4 27.3 27.7
18 kwh_h 0.467 0.145 0.281 0.000 0.342 0.023 0.000 0.000 0.612 0.647 tem_h 27.3 27.1 27.4
19 kwh_h 0.652 0.350 0.595 0.043 0.335 0.029 0.001 0.003 1.002 1.007 tem_h 27.2 27.1 27.2
20 kwh_h 0.455 0.006 0.000 0.012 0.454 0.025 0.000 0.000 0.460 0.491 tem_h 27.1 27.1 27.2
21 kwh_h 0.403 0.001 0.000 0.000 0.407 0.023 0.000 0.000 0.403 0.430 tem_h 27.0 26.9 27.1
22 kwh_h 0.587 0.307 0.590 0.001 0.317 0.029 0.000 0.000 0.894 0.936 tem_h 26.9 26.8 27.0
23 kwh_h 0.234 0.000 0.000 0.000 0.249 0.008 0.000 0.000 0.235 0.258 tem_h 26.8 26.7 26.9
