0 kwh_h 0.363 0.061 0.000 0.119 0.312 0.010 0.000 0.000 0.424 0.442 tem_h 24.6 24.4 24.7
1 kwh_h 0.255 0.010 0.001 0.019 0.257 0.008 0.000 0.000 0.265 0.284 tem_h 24.6 24.4 24.7
2 kwh_h 0.220 0.003 0.000 0.000 0.229 0.019 0.000 0.000 0.223 0.248 tem_h 24.4 24.2 24.5
3 kwh_h 0.160 0.002 0.004 0.000 0.171 0.019 0.000 0.000 0.161 0.195 tem_h 24.1 23.9 24.4
4 kwh_h 0.143 0.001 0.000 0.000 0.158 0.015 0.000 0.000 0.144 0.174 tem_h 23.9 23.7 24.1
5 kwh_h 0.142 0.001 0.001 0.000 0.150 0.011 0.000 0.000 0.143 0.163 tem_h 23.7 23.7 23.8
6 kwh_h 0.141 0.001 0.000 0.001 0.150 0.014 0.000 0.000 0.142 0.165 tem_h 23.8 23.7 23.9
7 kwh_h 0.140 0.003 0.000 0.001 0.151 0.021 0.000 0.000 0.143 0.173 tem_h 24.2 23.9 24.4
8 kwh_h 0.145 0.002 0.001 0.001 0.155 0.022 0.000 0.000 0.146 0.178 tem_h 24.5 24.3 24.7
9 kwh_h 0.235 0.001 0.000 0.001 0.243 0.022 0.000 0.000 0.237 0.266 tem_h 24.7 24.6 24.9
10 kwh_h 0.207 0.002 0.000 0.002 0.214 0.022 0.000 0.000 0.209 0.238 tem_h 25.0 24.9 25.1
11 kwh_h 0.432 0.161 0.000 0.297 0.292 0.024 0.000 0.001 0.593 0.614 tem_h 25.3 25.1 25.5
12 kwh_h 0.416 0.040 0.000 0.075 0.380 0.022 0.000 0.000 0.456 0.478 tem_h 25.7 25.5 25.9
13 kwh_h 0.218 0.003 0.001 0.001 0.219 0.022 0.000 0.000 0.221 0.244 tem_h 26.0 25.9 26.1
14 kwh_h 0.248 0.005 0.000 0.001 0.250 0.025 0.000 0.000 0.253 0.276 tem_h 26.4 26.1 26.5
15 kwh_h 0.249 0.001 0.000 0.001 0.255 0.022 0.000 0.000 0.250 0.278 tem_h 26.5 26.4 26.6
16 kwh_h 0.216 0.002 0.000 0.001 0.220 0.022 0.000 0.000 0.218 0.243 tem_h 26.5 26.4 26.6
17 kwh_h 0.228 0.005 0.000 0.000 0.230 0.024 0.000 0.000 0.233 0.255 tem_h 26.5 26.4 26.5
18 kwh_h 0.252 0.001 0.000 0.000 0.262 0.022 0.000 0.000 0.253 0.283 tem_h 26.5 26.4 26.6
19 kwh_h 0.353 0.118 0.228 0.002 0.255 0.023 0.000 0.000 0.471 0.508 tem_h 26.5 26.4 26.6
20 kwh_h 0.414 0.032 0.057 0.001 0.387 0.023 0.001 0.000 0.446 0.468 tem_h 26.4 26.4 26.5
21 kwh_h 0.676 0.382 0.683 0.062 0.332 0.028 0.000 0.000 1.058 1.105 tem_h 26.4 26.3 26.4
22 kwh_h 0.335 0.003 0.000 0.002 0.344 0.022 0.000 0.000 0.338 0.369 tem_h 26.3 26.2 26.4
23 kwh_h 0.457 0.191 0.375 0.000 0.293 0.012 0.000 0.000 0.649 0.680 tem_h 26.2 26.2 26.3
