0 kwh_h 0.399 0.145 0.282 0.000 0.273 0.010 0.001 0.000 0.544 0.566 tem_h 28.1 28.0 28.2
1 kwh_h 0.261 0.007 0.000 0.002 0.271 0.022 0.000 0.000 0.268 0.295 tem_h 27.9 27.8 28.1
2 kwh_h 0.249 0.006 0.002 0.001 0.258 0.024 0.000 0.000 0.255 0.284 tem_h 27.7 27.6 27.8
3 kwh_h 0.149 0.001 0.000 0.001 0.160 0.017 0.000 0.000 0.149 0.178 tem_h 27.5 27.3 27.8
4 kwh_h 0.155 0.000 0.001 0.000 0.164 0.011 0.000 0.000 0.156 0.176 tem_h 27.1 27.0 27.3
5 kwh_h 0.164 0.000 0.004 0.000 0.174 0.012 0.000 0.000 0.164 0.190 tem_h 27.0 26.9 27.1
6 kwh_h 0.125 0.000 0.000 0.000 0.137 0.011 0.000 0.000 0.125 0.148 tem_h 27.2 27.1 27.3
7 kwh_h 0.162 0.003 0.000 0.002 0.172 0.022 0.000 0.000 0.165 0.196 tem_h 27.2 27.1 27.3
8 kwh_h 0.171 0.001 0.003 0.001 0.180 0.021 0.000 0.000 0.172 0.206 tem_h 27.5 27.2 27.7
9 kwh_h 0.387 0.146 0.282 0.000 0.258 0.024 0.000 0.000 0.532 0.564 tem_h 27.8 27.6 27.9
10 kwh_h 0.171 0.007 0.002 0.001 0.177 0.021 0.000 0.000 0.178 0.201 tem_h 28.0 27.9 28.1
11 kwh_h 0.169 0.001 0.000 0.000 0.175 0.022 0.000 0.000 0.169 0.198 tem_h 28.2 28.0 28.3
12 kwh_h 0.273 0.003 0.001 0.004 0.276 0.023 0.000 0.000 0.277 0.303 tem_h 28.4 28.3 28.5
13 kwh_h 0.198 0.003 0.000 0.007 0.207 0.022 0.000 0.000 0.201 0.236 tem_h 28.5 28.4 28.6
14 kwh_h 0.333 0.016 0.002 0.003 0.337 0.024 0.000 0.000 0.349 0.367 tem_h 28.5 28.5 28.6
15 kwh_h 0.252 0.001 0.001 0.001 0.250 0.021 0.000 0.000 0.252 0.274 tem_h 28.5 28.4 28.6
16 kwh_h 0.227 0.001 0.004 0.001 0.234 0.022 0.000 0.000 0.228 0.260 tem_h 28.3 28.2 28.4
17 kwh_h 0.183 0.001 0.000 0.000 0.192 0.022 0.000 0.000 0.185 0.215 tem_h 28.2 28.1 28.3
18 kwh_h 0.577 0.158 0.308 0.003 0.429 0.026 0.000 0.000 0.735 0.765 tem_h 28.0 27.9 28.2
19 kwh_h 0.571 0.267 0.523 0.002 0.333 0.025 0.001 0.001 0.838 0.884 tem_h 27.9 27.8 28.1
20 kwh_h 0.234 0.001 0.001 0.001 0.243 0.022 0.000 0.000 0.236 0.267 tem_h 27.8 27.8 27.9
21 kwh_h 0.329 0.001 0.000 0.000 0.337 0.022 0.000 0.000 0.330 0.359 tem_h 27.7 27.6 27.8
22 kwh_h 0.297 0.004 0.002 0.003 0.300 0.024 0.000 0.000 0.301 0.329 tem_h 27.5 27.2 27.6
23 kwh_h 0.256 0.000 0.000 0.001 0.262 0.009 0.000 0.000 0.256 0.272 tem_h 27.1 26.9 27.3
