0 kwh_h 0.301 0.000 0.000 0.001 0.306 0.009 0.000 0.000 0.302 0.317 tem_h 26.9 26.7 27.1
1 kwh_h 0.246 0.002 0.002 0.000 0.255 0.018 0.000 0.000 0.247 0.275 tem_h 26.7 26.6 26.8
2 kwh_h 0.164 0.000 0.000 0.002 0.171 0.010 0.000 0.000 0.165 0.184 tem_h 26.5 26.4 26.7
3 kwh_h 0.140 0.000 0.000 0.000 0.142 0.007 0.000 0.000 0.140 0.150 tem_h 26.4 26.2 26.4
4 kwh_h 0.160 0.000 0.001 0.000 0.165 0.007 0.000 0.000 0.160 0.173 tem_h 26.2 26.1 26.3
5 kwh_h 0.144 0.000 0.000 0.000 0.155 0.007 0.000 0.000 0.144 0.162 tem_h 26.1 25.9 26.2
6 kwh_h 0.163 0.000 0.000 0.000 0.175 0.009 0.000 0.000 0.164 0.184 tem_h 26.0 25.9 26.1
7 kwh_h 0.195 0.007 0.001 0.000 0.205 0.024 0.000 0.000 0.202 0.231 tem_h 25.9 25.9 26.1
8 kwh_h 0.169 0.001 0.000 0.000 0.177 0.022 0.000 0.000 0.170 0.200 tem_h 25.9 25.9 25.9
9 kwh_h 0.233 0.016 0.000 0.031 0.225 0.022 0.000 0.000 0.249 0.278 tem_h 25.8 25.7 25.9
10 kwh_h 0.535 0.244 0.469 0.008 0.309 0.023 0.000 0.000 0.779 0.809 tem_h 25.7 25.6 25.8
11 kwh_h 0.174 0.002 0.001 0.000 0.182 0.023 0.000 0.000 0.176 0.206 tem_h 25.6 25.6 25.7
12 kwh_h 0.222 0.001 0.000 0.002 0.226 0.021 0.000 0.000 0.224 0.250 tem_h 25.6 25.4 25.6
13 kwh_h 1.248 1.082 2.120 0.000 0.224 0.028 0.000 0.000 2.330 2.373 tem_h 25.5 25.4 25.6
14 kwh_h 0.253 0.003 0.000 0.003 0.256 0.022 0.000 0.000 0.256 0.282 tem_h 25.7 25.6 25.8
15 kwh_h 0.189 0.001 0.000 0.000 0.194 0.022 0.000 0.000 0.190 0.216 tem_h 25.7 25.6 25.8
16 kwh_h 0.126 0.001 0.000 0.000 0.129 0.022 0.000 0.000 0.127 0.151 tem_h 25.6 25.4 25.7
17 kwh_h 0.143 0.001 0.002 0.001 0.142 0.022 0.000 0.000 0.144 0.167 tem_h 25.4 25.3 25.6
18 kwh_h 0.354 0.188 0.362 0.003 0.180 0.024 0.000 0.000 0.541 0.570 tem_h 25.2 25.1 25.4
19 kwh_h 0.168 0.001 0.000 0.000 0.176 0.022 0.000 0.000 0.169 0.199 tem_h 25.1 25.1 25.2
20 kwh_h 0.263 0.055 0.000 0.106 0.223 0.022 0.000 0.000 0.318 0.351 tem_h 24.9 24.7 25.1
21 kwh_h 0.214 0.001 0.000 0.000 0.223 0.022 0.000 0.000 0.215 0.246 tem_h 24.7 24.6 24.8
22 kwh_h 0.308 0.005 0.000 0.008 0.317 0.022 0.000 0.000 0.313 0.347 tem_h 24.5 24.3 24.6
23 kwh_h 0.396 0.065 0.001 0.127 0.341 0.009 0.000 0.000 0.461 0.480 tem_h 24.4 24.3 24.5
