0 kwh_h 1.041 0.856 1.590 0.098 0.215 0.014 0.000 0.000 1.897 1.918 tem_h 23.8 23.7 23.9
1 kwh_h 0.177 0.003 0.001 0.002 0.187 0.015 0.000 0.000 0.180 0.206 tem_h 23.8 23.6 23.9
2 kwh_h 0.149 0.003 0.001 0.000 0.158 0.022 0.000 0.000 0.152 0.180 tem_h 23.7 23.6 23.7
3 kwh_h 0.141 0.001 0.000 0.000 0.152 0.017 0.000 0.000 0.142 0.169 tem_h 23.6 23.5 23.7
4 kwh_h 0.140 0.000 0.001 0.000 0.150 0.009 0.000 0.000 0.140 0.160 tem_h 23.5 23.4 23.6
5 kwh_h 0.139 0.000 0.001 0.002 0.150 0.009 0.000 0.000 0.139 0.161 tem_h 23.4 23.3 23.4
6 kwh_h 0.263 0.001 0.000 0.000 0.272 0.011 0.000 0.000 0.264 0.283 tem_h 23.4 23.3 23.5
7 kwh_h 0.209 0.001 0.000 0.000 0.217 0.021 0.000 0.000 0.210 0.239 tem_h 23.5 23.4 23.6
8 kwh_h 0.282 0.002 0.000 0.003 0.286 0.022 0.000 0.000 0.285 0.312 tem_h 23.7 23.5 23.8
9 kwh_h 0.393 0.002 0.000 0.003 0.399 0.022 0.000 0.000 0.395 0.423 tem_h 23.9 23.7 24.1
10 kwh_h 0.830 0.579 1.082 0.010 0.263 0.031 0.005 0.004 1.409 1.396 tem_h 24.3 24.1 24.6
11 kwh_h 0.563 0.340 0.666 0.001 0.235 0.022 0.001 0.000 0.903 0.924 tem_h 24.8 24.6 25.0
12 kwh_h 0.595 0.400 0.773 0.000 0.226 0.027 0.000 0.000 0.995 1.027 tem_h 25.1 25.0 25.2
13 kwh_h 0.267 0.010 0.000 0.019 0.267 0.022 0.000 0.000 0.277 0.308 tem_h 25.3 25.2 25.4
14 kwh_h 0.191 0.001 0.000 0.000 0.201 0.022 0.000 0.000 0.192 0.224 tem_h 25.4 25.3 25.5
15 kwh_h 0.145 0.001 0.001 0.000 0.144 0.022 0.000 0.000 0.147 0.167 tem_h 25.6 25.4 25.8
16 kwh_h 0.138 0.000 0.001 0.006 0.142 0.022 0.000 0.000 0.139 0.171 tem_h 25.7 25.6 25.8
17 kwh_h 0.196 0.001 0.000 0.000 0.203 0.022 0.000 0.000 0.197 0.226 tem_h 25.6 25.5 25.7
18 kwh_h 0.513 0.271 0.519 0.002 0.280 0.027 0.001 0.000 0.784 0.829 tem_h 25.5 25.5 25.6
19 kwh_h 0.308 0.002 0.001 0.003 0.316 0.022 0.000 0.000 0.310 0.342 tem_h 25.6 25.5 25.6
20 kwh_h 0.461 0.173 0.333 0.003 0.309 0.023 0.000 0.000 0.634 0.669 tem_h 25.6 25.6 25.7
21 kwh_h 0.290 0.006 0.000 0.006 0.296 0.022 0.000 0.000 0.296 0.325 tem_h 25.6 25.5 25.6
22 kwh_h 0.298 0.003 0.000 0.000 0.309 0.023 0.000 0.000 0.301 0.332 tem_h 25.5 25.4 25.6
23 kwh_h 0.233 0.003 0.001 0.000 0.240 0.006 0.000 0.000 0.237 0.248 tem_h 25.4 25.4 25.5
