0 kwh_h 0.216 0.001 0.001 0.000 0.224 0.008 0.000 0.000 0.216 0.233 tem_h 25.3 25.3 25.4
1 kwh_h 0.160 0.001 0.000 0.006 0.160 0.021 0.000 0.000 0.161 0.187 tem_h 25.2 25.1 25.3
2 kwh_h 0.259 0.001 0.002 0.001 0.267 0.012 0.000 0.000 0.260 0.282 tem_h 25.2 25.0 25.3
3 kwh_h 0.211 0.001 0.001 0.000 0.220 0.008 0.000 0.000 0.212 0.229 tem_h 25.1 25.0 25.1
4 kwh_h 0.152 0.001 0.001 0.001 0.164 0.009 0.000 0.000 0.154 0.174 tem_h 25.0 24.9 25.1
5 kwh_h 0.154 0.001 0.000 0.000 0.162 0.008 0.000 0.000 0.155 0.170 tem_h 24.9 24.9 25.0
6 kwh_h 0.143 0.000 0.000 0.000 0.152 0.007 0.000 0.000 0.144 0.159 tem_h 25.0 24.9 25.0
7 kwh_h 0.144 0.002 0.001 0.000 0.157 0.022 0.000 0.000 0.145 0.180 tem_h 25.0 24.9 25.1
8 kwh_h 0.188 0.004 0.001 0.003 0.195 0.023 0.000 0.000 0.192 0.222 tem_h 25.2 25.1 25.4
9 kwh_h 0.257 0.002 0.000 0.003 0.266 0.022 0.000 0.000 0.259 0.291 tem_h 25.5 25.3 25.6
10 kwh_h 0.594 0.002 0.012 0.001 0.599 0.022 0.000 0.000 0.596 0.634 tem_h 25.8 25.6 26.0
11 kwh_h 0.290 0.079 0.000 0.000 0.296 0.096 0.000 0.000 0.369 0.392 tem_h 26.1 25.9 26.4
12 kwh_h 0.267 0.003 0.000 0.001 0.277 0.024 0.000 0.000 0.271 0.302 tem_h 26.2 26.1 26.4
13 kwh_h 0.288 0.001 0.000 0.000 0.298 0.022 0.000 0.000 0.289 0.320 tem_h 26.5 26.3 26.6
14 kwh_h 0.346 0.001 0.000 0.002 0.356 0.022 0.000 0.000 0.347 0.381 tem_h 26.8 26.6 26.9
15 kwh_h 0.785 0.467 0.241 0.682 0.359 0.026 0.001 0.003 1.252 1.312 tem_h 26.9 26.8 27.0
16 kwh_h 0.608 0.335 0.009 0.628 0.309 0.024 0.001 0.001 0.943 0.971 tem_h 27.0 26.9 27.1
17 kwh_h 0.584 0.365 0.007 0.678 0.265 0.023 0.000 0.001 0.949 0.975 tem_h 27.2 27.1 27.3
18 kwh_h 0.433 0.103 0.001 0.195 0.357 0.023 0.000 0.000 0.536 0.576 tem_h 27.3 27.3 27.4
19 kwh_h 0.545 0.020 0.002 0.036 0.515 0.022 0.000 0.000 0.564 0.577 tem_h 27.4 27.3 27.4
20 kwh_h 1.198 0.870 1.070 0.685 0.391 0.034 0.003 0.002 2.068 2.184 tem_h 27.4 27.3 27.4
21 kwh_h 0.951 0.601 0.617 0.547 0.395 0.032 0.000 0.001 1.552 1.593 tem_h 27.4 27.4 27.5
22 kwh_h 0.458 0.007 0.000 0.008 0.458 0.022 0.000 0.000 0.465 0.488 tem_h 27.4 27.4 27.5
23 kwh_h 0.295 0.000 0.003 0.003 0.298 0.009 0.000 0.000 0.295 0.313 tem_h 27.4 27.2 27.4
