0 kwh_h 0.249 0.000 0.000 0.000 0.258 0.012 0.000 0.000 0.249 0.270 tem_h 26.1 25.9 26.3
1 kwh_h 0.230 0.000 0.001 0.001 0.241 0.009 0.000 0.000 0.230 0.251 tem_h 25.8 25.8 25.9
2 kwh_h 0.162 0.004 0.000 0.003 0.174 0.021 0.000 0.000 0.167 0.199 tem_h 25.7 25.6 25.9
3 kwh_h 0.151 0.002 0.000 0.001 0.161 0.020 0.000 0.000 0.153 0.183 tem_h 25.6 25.4 25.7
4 kwh_h 0.145 0.001 0.001 0.001 0.154 0.012 0.000 0.000 0.146 0.168 tem_h 25.4 25.3 25.5
5 kwh_h 0.146 0.000 0.000 0.001 0.157 0.010 0.000 0.000 0.146 0.168 tem_h 25.3 25.3 25.4
6 kwh_h 0.147 0.000 0.000 0.000 0.158 0.008 0.000 0.000 0.147 0.167 tem_h 25.6 25.4 25.9
7 kwh_h 0.144 0.001 0.001 0.000 0.154 0.022 0.000 0.000 0.146 0.177 tem_h 25.9 25.8 25.9
8 kwh_h 0.211 0.001 0.000 0.002 0.221 0.022 0.000 0.000 0.212 0.245 tem_h 25.9 25.9 26.0
9 kwh_h 0.377 0.183 0.358 0.000 0.213 0.023 0.000 0.000 0.561 0.594 tem_h 26.1 25.9 26.2
10 kwh_h 0.231 0.003 0.001 0.001 0.237 0.023 0.000 0.000 0.234 0.262 tem_h 26.4 26.2 26.5
11 kwh_h 0.533 0.061 0.097 0.001 0.490 0.026 0.000 0.000 0.594 0.613 tem_h 26.6 26.4 26.8
12 kwh_h 0.245 0.011 0.000 0.000 0.255 0.028 0.000 0.000 0.256 0.284 tem_h 26.9 26.8 27.0
13 kwh_h 0.885 0.651 0.915 0.351 0.289 0.026 0.000 0.000 1.536 1.582 tem_h 27.1 26.9 27.3
14 kwh_h 0.485 0.327 0.000 0.635 0.193 0.022 0.000 0.000 0.812 0.849 tem_h 27.3 27.2 27.4
15 kwh_h 0.258 0.108 0.000 0.206 0.173 0.021 0.000 0.000 0.366 0.400 tem_h 27.4 27.3 27.4
16 kwh_h 0.156 0.003 0.000 0.006 0.162 0.022 0.000 0.000 0.159 0.190 tem_h 27.4 27.3 27.4
17 kwh_h 0.155 0.001 0.000 0.000 0.165 0.022 0.000 0.000 0.156 0.187 tem_h 27.3 27.2 27.4
18 kwh_h 0.336 0.164 0.317 0.001 0.196 0.024 0.000 0.000 0.500 0.539 tem_h 27.2 27.1 27.2
19 kwh_h 0.208 0.004 0.000 0.000 0.220 0.022 0.000 0.000 0.211 0.243 tem_h 27.1 27.0 27.2
20 kwh_h 0.244 0.001 0.000 0.002 0.252 0.022 0.000 0.000 0.244 0.276 tem_h 27.0 26.9 27.1
21 kwh_h 0.219 0.002 0.001 0.000 0.229 0.023 0.000 0.000 0.221 0.252 tem_h 26.8 26.8 26.9
22 kwh_h 0.303 0.005 0.001 0.003 0.306 0.022 0.000 0.000 0.307 0.332 tem_h 26.7 26.6 26.8
23 kwh_h 0.413 0.000 0.000 0.000 0.419 0.008 0.000 0.000 0.413 0.427 tem_h 26.6 26.5 26.7
