0 kwh_h 0.242 0.000 0.000 0.000 0.252 0.001 0.000 0.000 0.242 0.253 tem_h 24.4 24.4 24.4
1 kwh_h 0.613 0.328 0.646 0.000 0.323 0.004 0.000 0.000 0.942 0.974 tem_h 24.3 24.3 24.4
2 kwh_h 0.252 0.001 0.000 0.000 0.260 0.006 0.000 0.000 0.253 0.267 tem_h 24.2 24.1 24.3
3 kwh_h 0.184 0.000 0.000 0.000 0.195 0.008 0.000 0.000 0.184 0.203 tem_h 24.1 24.0 24.1
4 kwh_h 0.201 0.000 0.000 0.000 0.212 0.002 0.000 0.000 0.201 0.214 tem_h 23.9 23.7 24.0
5 kwh_h 0.168 0.001 0.001 0.000 0.177 0.001 0.000 0.000 0.169 0.178 tem_h 23.7 23.6 23.8
6 kwh_h 0.192 0.000 0.001 0.000 0.201 0.001 0.000 0.000 0.193 0.203 tem_h 23.7 23.6 23.7
7 kwh_h 0.176 0.001 0.000 0.000 0.183 0.011 0.000 0.000 0.178 0.195 tem_h 23.7 23.6 23.8
8 kwh_h 0.172 0.001 0.000 0.000 0.178 0.011 0.000 0.000 0.172 0.190 tem_h 23.8 23.7 23.9
9 kwh_h 0.222 0.018 0.006 0.022 0.211 0.026 0.002 0.003 0.240 0.270 tem_h 23.9 23.8 24.0
10 kwh_h 0.303 0.007 0.000 0.004 0.308 0.025 0.000 0.000 0.310 0.337 tem_h 24.0 23.9 24.1
11 kwh_h 0.294 0.002 0.000 0.000 0.298 0.024 0.000 0.000 0.295 0.322 tem_h 24.1 24.0 24.1
12 kwh_h 0.522 0.164 0.313 0.004 0.375 0.027 0.000 0.000 0.687 0.719 tem_h 24.1 24.0 24.3
13 kwh_h 0.366 0.001 0.000 0.000 0.371 0.023 0.000 0.000 0.367 0.394 tem_h 24.3 24.2 24.4
14 kwh_h 0.286 0.029 0.000 0.052 0.268 0.023 0.000 0.000 0.315 0.344 tem_h 24.5 24.4 24.7
15 kwh_h 0.248 0.005 0.001 0.005 0.256 0.027 0.000 0.001 0.253 0.289 tem_h 24.6 24.5 24.7
16 kwh_h 0.560 0.290 0.564 0.002 0.302 0.026 0.000 0.000 0.849 0.894 tem_h 24.5 24.4 24.6
17 kwh_h 0.254 0.001 0.001 0.001 0.264 0.023 0.000 0.000 0.255 0.289 tem_h 24.5 24.4 24.6
18 kwh_h 0.248 0.001 0.001 0.001 0.254 0.023 0.000 0.000 0.249 0.279 tem_h 24.5 24.4 24.6
19 kwh_h 0.228 0.003 0.002 0.000 0.236 0.024 0.000 0.000 0.231 0.262 tem_h 24.5 24.4 24.6
20 kwh_h 0.561 0.202 0.392 0.001 0.382 0.025 0.000 0.000 0.763 0.801 tem_h 24.5 24.4 24.6
21 kwh_h 0.322 0.015 0.000 0.026 0.317 0.024 0.000 0.000 0.337 0.367 tem_h 24.4 24.4 24.5
22 kwh_h 0.411 0.001 0.004 0.001 0.419 0.023 0.001 0.000 0.412 0.449 tem_h 24.3 24.1 24.4
23 kwh_h 0.305 0.000 0.000 0.000 0.315 0.008 0.000 0.000 0.305 0.323 tem_h 24.1 24.1 24.3
