0 kwh_h 0.210 0.003 0.000 0.001 0.218 0.023 0.000 0.000 0.213 0.243 tem_h 25.0 24.9 25.1
1 kwh_h 0.278 0.001 0.001 0.001 0.293 0.016 0.000 0.000 0.279 0.312 tem_h 24.9 24.8 25.0
2 kwh_h 0.162 0.001 0.000 0.000 0.165 0.008 0.000 0.000 0.163 0.173 tem_h 24.8 24.7 24.9
3 kwh_h 0.183 0.000 0.000 0.000 0.187 0.008 0.000 0.000 0.183 0.196 tem_h 24.7 24.6 24.8
4 kwh_h 0.167 0.000 0.000 0.000 0.177 0.008 0.000 0.000 0.167 0.185 tem_h 24.6 24.6 24.7
5 kwh_h 0.136 0.001 0.000 0.000 0.149 0.009 0.000 0.000 0.137 0.158 tem_h 24.5 24.4 24.6
6 kwh_h 0.159 0.001 0.000 0.001 0.172 0.009 0.000 0.000 0.160 0.182 tem_h 24.6 24.5 24.6
7 kwh_h 0.193 0.001 0.000 0.000 0.202 0.023 0.000 0.000 0.194 0.225 tem_h 24.7 24.5 24.9
8 kwh_h 0.277 0.001 0.001 0.000 0.287 0.024 0.000 0.000 0.278 0.311 tem_h 24.8 24.7 24.9
9 kwh_h 0.215 0.005 0.000 0.000 0.222 0.026 0.000 0.000 0.220 0.248 tem_h 24.9 24.8 25.0
10 kwh_h 0.361 0.077 0.141 0.000 0.303 0.027 0.000 0.000 0.438 0.471 tem_h 25.0 24.9 25.1
11 kwh_h 0.618 0.236 0.459 0.000 0.410 0.025 0.000 0.000 0.854 0.895 tem_h 25.1 25.0 25.1
12 kwh_h 0.263 0.004 0.000 0.002 0.271 0.025 0.000 0.001 0.267 0.300 tem_h 25.1 25.1 25.3
13 kwh_h 0.278 0.025 0.000 0.039 0.263 0.026 0.000 0.000 0.303 0.328 tem_h 25.4 25.2 25.6
14 kwh_h 0.793 0.241 0.376 0.003 0.622 0.070 0.001 0.001 1.035 1.072 tem_h 25.4 25.2 25.6
15 kwh_h 0.344 0.001 0.000 0.000 0.353 0.023 0.000 0.000 0.344 0.377 tem_h 25.1 25.1 25.3
16 kwh_h 0.318 0.004 0.005 0.005 0.325 0.025 0.002 0.002 0.322 0.363 tem_h 25.2 25.1 25.3
17 kwh_h 0.158 0.003 0.000 0.000 0.170 0.025 0.000 0.000 0.161 0.195 tem_h 25.2 25.1 25.3
18 kwh_h 0.587 0.055 0.000 0.105 0.543 0.023 0.000 0.000 0.642 0.671 tem_h 25.0 24.8 25.2
19 kwh_h 0.314 0.008 0.001 0.014 0.315 0.024 0.000 0.000 0.322 0.354 tem_h 24.7 24.6 24.9
20 kwh_h 0.767 0.513 0.872 0.125 0.303 0.029 0.000 0.000 1.280 1.329 tem_h 24.6 24.5 24.7
21 kwh_h 0.329 0.023 0.000 0.040 0.316 0.024 0.000 0.000 0.352 0.380 tem_h 24.7 24.6 24.7
22 kwh_h 0.400 0.001 0.000 0.000 0.410 0.016 0.000 0.000 0.401 0.427 tem_h 24.5 24.4 24.6
23 kwh_h 0.303 0.001 0.000 0.001 0.312 0.001 0.000 0.001 0.304 0.316 tem_h 24.4 24.3 24.5
