0 kwh_h 0.329 0.003 0.000 0.000 0.343 0.010 0.000 0.000 0.331 0.353 tem_h 25.1 25.0 25.2
1 kwh_h 0.163 0.004 0.000 0.000 0.175 0.023 0.000 0.000 0.167 0.198 tem_h 24.9 24.8 25.1
2 kwh_h 0.140 0.001 0.001 0.001 0.152 0.022 0.000 0.000 0.140 0.175 tem_h 24.8 24.7 24.9
3 kwh_h 0.190 0.001 0.001 0.000 0.198 0.010 0.000 0.000 0.192 0.209 tem_h 24.6 24.4 24.7
4 kwh_h 0.136 0.001 0.000 0.000 0.146 0.010 0.000 0.000 0.137 0.156 tem_h 24.3 24.3 24.4
5 kwh_h 0.152 0.000 0.000 0.000 0.161 0.009 0.000 0.000 0.152 0.171 tem_h 24.3 24.1 24.4
6 kwh_h 0.157 0.001 0.001 0.000 0.165 0.011 0.000 0.000 0.157 0.177 tem_h 24.1 24.0 24.2
7 kwh_h 0.137 0.002 0.000 0.000 0.151 0.023 0.000 0.000 0.139 0.174 tem_h 24.0 24.0 24.1
8 kwh_h 0.484 0.293 0.568 0.000 0.217 0.026 0.000 0.000 0.777 0.811 tem_h 24.1 24.0 24.3
9 kwh_h 0.292 0.061 0.000 0.119 0.241 0.023 0.000 0.000 0.352 0.384 tem_h 24.4 24.2 24.6
10 kwh_h 0.173 0.001 0.001 0.000 0.178 0.023 0.000 0.000 0.175 0.203 tem_h 24.8 24.6 24.9
