0 kwh_h 0.252 0.001 0.000 0.000 0.263 0.010 0.000 0.000 0.252 0.273 tem_h 26.4 26.2 26.6
1 kwh_h 0.156 0.005 0.000 0.000 0.165 0.023 0.000 0.000 0.161 0.189 tem_h 26.3 26.2 26.4
2 kwh_h 0.180 0.001 0.003 0.000 0.186 0.017 0.001 0.000 0.181 0.207 tem_h 26.1 26.0 26.2
3 kwh_h 0.178 0.000 0.000 0.000 0.184 0.010 0.000 0.000 0.178 0.194 tem_h 25.8 25.6 26.0
4 kwh_h 0.136 0.000 0.000 0.000 0.152 0.010 0.000 0.000 0.137 0.163 tem_h 25.7 25.6 25.8
5 kwh_h 0.268 0.000 0.000 0.000 0.285 0.010 0.000 0.000 0.269 0.295 tem_h 25.5 25.4 25.6
6 kwh_h 0.207 0.002 0.000 0.002 0.217 0.011 0.000 0.000 0.209 0.231 tem_h 25.4 25.3 25.5
7 kwh_h 0.148 0.001 0.000 0.000 0.162 0.023 0.000 0.000 0.149 0.185 tem_h 25.4 25.3 25.4
8 kwh_h 0.358 0.183 0.308 0.048 0.192 0.025 0.000 0.000 0.541 0.573 tem_h 25.5 25.4 25.6
9 kwh_h 0.163 0.004 0.000 0.006 0.173 0.023 0.000 0.000 0.167 0.202 tem_h 25.5 25.4 25.6
10 kwh_h 0.598 0.459 0.423 0.471 0.177 0.023 0.000 0.000 1.057 1.094 tem_h 25.5 25.4 25.6
11 kwh_h 0.758 0.519 0.722 0.317 0.271 0.025 0.000 0.000 1.277 1.336 tem_h 25.6 25.5 25.8
12 kwh_h 0.307 0.072 0.000 0.136 0.254 0.024 0.000 0.000 0.379 0.414 tem_h 25.8 25.7 25.8
13 kwh_h 0.330 0.100 0.000 0.197 0.250 0.023 0.000 0.000 0.429 0.470 tem_h 25.9 25.8 25.9
14 kwh_h 0.275 0.004 0.000 0.008 0.282 0.023 0.000 0.000 0.279 0.313 tem_h 25.9 25.9 26.0
15 kwh_h 0.246 0.003 0.001 0.001 0.254 0.024 0.000 0.000 0.249 0.280 tem_h 25.9 25.9 26.0
16 kwh_h 0.302 0.004 0.000 0.007 0.308 0.023 0.000 0.000 0.307 0.338 tem_h 25.9 25.9 26.0
17 kwh_h 0.378 0.023 0.001 0.037 0.372 0.026 0.000 0.000 0.401 0.437 tem_h 25.9 25.9 26.0
18 kwh_h 0.581 0.193 0.374 0.003 0.411 0.025 0.000 0.000 0.775 0.812 tem_h 25.9 25.8 25.9
19 kwh_h 0.406 0.001 0.000 0.000 0.416 0.023 0.000 0.000 0.407 0.440 tem_h 25.8 25.7 25.9
20 kwh_h 0.487 0.161 0.251 0.052 0.352 0.028 0.000 0.000 0.648 0.683 tem_h 25.7 25.6 25.8
21 kwh_h 0.349 0.042 0.074 0.000 0.321 0.025 0.000 0.000 0.391 0.420 tem_h 25.6 25.4 25.7
22 kwh_h 0.259 0.004 0.000 0.000 0.269 0.025 0.000 0.000 0.264 0.295 tem_h 25.4 25.3 25.6
23 kwh_h 0.261 0.000 0.000 0.001 0.267 0.009 0.000 0.000 0.262 0.278 tem_h 25.2 25.1 25.4
