0 kwh_h 0.686 0.341 0.007 0.662 0.370 0.012 0.001 0.001 1.027 1.053 tem_h 28.7 28.6 28.8
1 kwh_h 0.345 0.096 0.123 0.002 0.300 0.045 0.000 0.000 0.441 0.471 tem_h 28.6 28.5 28.7
2 kwh_h 0.397 0.236 0.000 0.343 0.239 0.070 0.000 0.000 0.633 0.652 tem_h 28.5 28.4 28.6
3 kwh_h 0.548 0.436 0.000 0.763 0.190 0.069 0.000 0.000 0.984 1.022 tem_h 28.3 28.1 28.4
4 kwh_h 0.546 0.394 0.143 0.619 0.205 0.040 0.004 0.004 0.940 1.014 tem_h 28.2 28.1 28.3
5 kwh_h 0.185 0.051 0.000 0.114 0.151 0.012 0.000 0.000 0.236 0.278 tem_h 28.0 27.8 28.1
6 kwh_h 0.202 0.051 0.000 0.115 0.171 0.008 0.000 0.000 0.253 0.293 tem_h 28.0 27.9 28.1
7 kwh_h 0.296 0.074 0.000 0.114 0.249 0.023 0.000 0.000 0.371 0.387 tem_h 28.3 28.1 28.5
8 kwh_h 0.318 0.076 0.001 0.104 0.288 0.026 0.000 0.000 0.393 0.419 tem_h 28.6 28.4 28.7
9 kwh_h 0.605 0.448 0.100 0.762 0.211 0.035 0.001 0.001 1.053 1.110 tem_h 28.7 28.6 28.8
10 kwh_h 0.915 0.753 0.850 0.615 0.210 0.030 0.001 0.000 1.668 1.705 tem_h 29.0 28.8 29.1
11 kwh_h 0.485 0.246 0.187 0.322 0.258 0.026 0.000 0.000 0.731 0.793 tem_h 29.3 29.0 29.5
12 kwh_h 0.721 0.309 0.000 0.603 0.435 0.023 0.000 0.000 1.031 1.062 tem_h 29.7 29.5 29.9
13 kwh_h 0.723 0.490 0.005 0.949 0.264 0.024 0.001 0.001 1.213 1.244 tem_h 29.9 29.8 30.1
14 kwh_h 0.781 0.477 0.003 0.933 0.325 0.023 0.001 0.001 1.258 1.286 tem_h 30.3 30.0 30.6
15 kwh_h 0.874 0.485 0.053 0.900 0.418 0.025 0.001 0.001 1.359 1.397 tem_h 30.4 30.3 30.6
16 kwh_h 0.744 0.354 0.010 0.682 0.406 0.026 0.001 0.002 1.097 1.127 tem_h 30.1 30.0 30.3
17 kwh_h 0.475 0.152 0.000 0.289 0.339 0.025 0.000 0.000 0.626 0.653 tem_h 29.7 29.5 30.1
18 kwh_h 0.573 0.002 0.000 0.003 0.578 0.023 0.000 0.000 0.575 0.604 tem_h 29.5 29.3 29.6
19 kwh_h 0.521 0.130 0.251 0.001 0.420 0.025 0.000 0.000 0.651 0.697 tem_h 29.5 29.4 29.6
20 kwh_h 0.447 0.077 0.148 0.000 0.389 0.024 0.000 0.000 0.524 0.561 tem_h 29.4 29.3 29.5
21 kwh_h 0.496 0.001 0.001 0.000 0.503 0.023 0.000 0.000 0.497 0.527 tem_h 29.1 28.9 29.3
22 kwh_h 0.672 0.296 0.007 0.556 0.406 0.026 0.001 0.002 0.968 0.997 tem_h 28.8 28.6 28.9
23 kwh_h 0.614 0.375 0.010 0.755 0.262 0.008 0.001 0.002 0.989 1.038 tem_h 28.5 28.4 28.7
