0 kwh_h 0.297 0.003 0.004 0.002 0.300 0.019 0.001 0.001 0.300 0.328 tem_h 28.4 28.2 28.7
1 kwh_h 0.292 0.000 0.000 0.000 0.300 0.010 0.000 0.000 0.292 0.309 tem_h 28.1 27.9 28.3
2 kwh_h 0.263 0.003 0.002 0.002 0.274 0.023 0.001 0.000 0.266 0.303 tem_h 27.9 27.9 28.1
3 kwh_h 0.215 0.001 0.000 0.001 0.223 0.015 0.000 0.000 0.215 0.239 tem_h 27.7 27.7 27.9
4 kwh_h 0.190 0.000 0.000 0.000 0.200 0.008 0.000 0.000 0.190 0.208 tem_h 27.6 27.5 27.7
5 kwh_h 0.175 0.000 0.000 0.000 0.184 0.007 0.000 0.000 0.175 0.191 tem_h 27.4 27.3 27.6
6 kwh_h 0.145 0.000 0.000 0.000 0.155 0.007 0.000 0.000 0.145 0.163 tem_h 27.3 27.2 27.4
7 kwh_h 0.164 0.001 0.000 0.001 0.169 0.023 0.000 0.000 0.166 0.194 tem_h 27.3 27.2 27.4
8 kwh_h 0.335 0.123 0.194 0.056 0.233 0.028 0.001 0.001 0.458 0.513 tem_h 27.5 27.4 27.6
9 kwh_h 0.254 0.001 0.000 0.000 0.263 0.023 0.000 0.000 0.255 0.287 tem_h 27.7 27.6 27.9
10 kwh_h 0.182 0.001 0.000 0.000 0.196 0.023 0.000 0.000 0.183 0.219 tem_h 27.9 27.8 27.9
11 kwh_h 0.551 0.378 0.736 0.001 0.209 0.028 0.000 0.000 0.929 0.975 tem_h 28.0 27.8 28.1
12 kwh_h 0.512 0.094 0.183 0.000 0.429 0.023 0.000 0.000 0.606 0.636 tem_h 28.2 28.0 28.3
13 kwh_h 0.203 0.002 0.000 0.000 0.211 0.023 0.000 0.000 0.204 0.234 tem_h 28.4 28.3 28.5
14 kwh_h 0.242 0.003 0.000 0.003 0.251 0.024 0.000 0.000 0.245 0.278 tem_h 28.5 28.4 28.6
15 kwh_h 0.509 0.246 0.000 0.479 0.295 0.023 0.000 0.000 0.755 0.797 tem_h 28.6 28.5 28.7
16 kwh_h 0.264 0.048 0.000 0.091 0.232 0.023 0.000 0.000 0.312 0.346 tem_h 28.3 28.1 28.6
17 kwh_h 0.182 0.004 0.001 0.003 0.192 0.023 0.000 0.001 0.186 0.221 tem_h 28.1 27.9 28.3
18 kwh_h 0.219 0.001 0.000 0.000 0.235 0.023 0.000 0.000 0.220 0.258 tem_h 27.9 27.9 28.0
19 kwh_h 0.511 0.228 0.437 0.001 0.316 0.029 0.000 0.000 0.739 0.784 tem_h 27.8 27.8 27.9
20 kwh_h 0.360 0.072 0.133 0.000 0.308 0.025 0.000 0.000 0.432 0.467 tem_h 27.8 27.6 27.9
21 kwh_h 0.249 0.002 0.000 0.002 0.261 0.024 0.000 0.000 0.251 0.288 tem_h 27.3 27.0 27.6
22 kwh_h 0.345 0.003 0.001 0.004 0.353 0.024 0.000 0.001 0.347 0.383 tem_h 27.1 27.0 27.2
23 kwh_h 0.482 0.058 0.111 0.000 0.440 0.009 0.000 0.000 0.540 0.561 tem_h 27.1 27.0 27.2
