0 kwh_h 0.280 0.001 0.000 0.000 0.291 0.017 0.000 0.000 0.281 0.308 tem_h 27.4 27.2 27.4
1 kwh_h 0.262 0.001 0.000 0.000 0.272 0.023 0.000 0.000 0.263 0.296 tem_h 27.2 27.1 27.3
2 kwh_h 0.161 0.002 0.000 0.000 0.172 0.023 0.000 0.000 0.163 0.195 tem_h 27.2 27.1 27.2
3 kwh_h 0.207 0.000 0.002 0.001 0.218 0.011 0.000 0.000 0.207 0.232 tem_h 27.0 26.9 27.1
4 kwh_h 0.266 0.001 0.001 0.001 0.275 0.008 0.000 0.000 0.267 0.286 tem_h 26.9 26.8 27.0
5 kwh_h 0.156 0.000 0.000 0.000 0.167 0.007 0.000 0.000 0.157 0.175 tem_h 26.8 26.8 26.9
6 kwh_h 0.168 0.000 0.000 0.000 0.178 0.007 0.000 0.000 0.168 0.186 tem_h 26.9 26.8 27.0
7 kwh_h 0.185 0.007 0.000 0.000 0.198 0.028 0.000 0.000 0.192 0.226 tem_h 27.1 26.9 27.2
8 kwh_h 0.177 0.001 0.000 0.000 0.185 0.023 0.000 0.000 0.178 0.208 tem_h 27.3 27.2 27.4
9 kwh_h 0.437 0.238 0.449 0.007 0.230 0.029 0.000 0.001 0.675 0.716 tem_h 27.4 27.3 27.6
10 kwh_h 0.155 0.001 0.000 0.000 0.159 0.023 0.000 0.000 0.156 0.182 tem_h 27.7 27.6 27.8
11 kwh_h 0.462 0.270 0.155 0.383 0.232 0.038 0.001 0.001 0.732 0.809 tem_h 27.8 27.8 27.9
12 kwh_h 0.235 0.043 0.000 0.085 0.201 0.023 0.000 0.000 0.278 0.309 tem_h 27.9 27.8 28.2
13 kwh_h 0.226 0.070 0.000 0.138 0.168 0.023 0.000 0.000 0.296 0.329 tem_h 28.2 28.1 28.4
14 kwh_h 0.602 0.464 0.000 0.903 0.176 0.023 0.000 0.000 1.066 1.103 tem_h 28.6 28.4 28.9
15 kwh_h 0.926 0.799 0.738 0.903 0.178 0.027 0.000 0.000 1.726 1.845 tem_h 28.8 28.7 28.9
16 kwh_h 0.719 0.452 0.005 0.895 0.284 0.025 0.001 0.001 1.171 1.210 tem_h 29.1 28.9 29.2
17 kwh_h 0.702 0.433 0.003 0.829 0.320 0.024 0.001 0.001 1.134 1.177 tem_h 29.2 29.1 29.3
18 kwh_h 0.572 0.313 0.003 0.600 0.294 0.026 0.000 0.001 0.884 0.923 tem_h 29.2 29.1 29.4
19 kwh_h 0.277 0.007 0.001 0.006 0.283 0.026 0.000 0.001 0.284 0.317 tem_h 29.1 29.0 29.1
20 kwh_h 0.441 0.006 0.001 0.008 0.442 0.027 0.000 0.001 0.447 0.479 tem_h 29.0 28.9 29.1
21 kwh_h 0.751 0.423 0.133 0.687 0.369 0.032 0.002 0.001 1.174 1.223 tem_h 28.9 28.9 29.1
22 kwh_h 0.720 0.508 0.226 0.795 0.259 0.027 0.001 0.001 1.228 1.308 tem_h 28.9 28.8 28.9
23 kwh_h 0.817 0.451 0.003 0.868 0.390 0.007 0.001 0.001 1.268 1.271 tem_h 28.8 28.7 28.9
