0 kwh_h 0.251 0.012 0.021 0.000 0.254 0.013 0.000 0.000 0.263 0.288 tem_h 27.1 26.9 27.2
1 kwh_h 0.162 0.002 0.001 0.000 0.172 0.022 0.000 0.000 0.163 0.195 tem_h 26.9 26.8 27.0
2 kwh_h 0.167 0.000 0.000 0.000 0.176 0.009 0.000 0.000 0.168 0.186 tem_h 26.8 26.7 26.9
3 kwh_h 0.169 0.001 0.000 0.001 0.177 0.008 0.000 0.000 0.170 0.187 tem_h 26.7 26.6 26.8
4 kwh_h 0.158 0.000 0.000 0.000 0.170 0.006 0.000 0.000 0.158 0.176 tem_h 26.5 26.4 26.6
5 kwh_h 0.141 0.000 0.000 0.000 0.154 0.007 0.000 0.000 0.142 0.161 tem_h 26.4 26.3 26.4
6 kwh_h 0.158 0.000 0.000 0.000 0.170 0.007 0.000 0.000 0.158 0.177 tem_h 26.3 26.2 26.4
7 kwh_h 0.165 0.002 0.000 0.001 0.178 0.023 0.000 0.000 0.166 0.202 tem_h 26.4 26.2 26.5
8 kwh_h 0.431 0.256 0.500 0.000 0.196 0.025 0.000 0.000 0.687 0.721 tem_h 26.6 26.4 26.7
9 kwh_h 0.903 0.691 1.353 0.002 0.236 0.023 0.000 0.000 1.594 1.614 tem_h 26.7 26.6 26.8
10 kwh_h 0.257 0.004 0.000 0.003 0.268 0.025 0.000 0.000 0.261 0.295 tem_h 27.0 26.8 27.1
11 kwh_h 0.287 0.001 0.001 0.001 0.294 0.023 0.000 0.000 0.288 0.321 tem_h 27.0 26.9 27.1
12 kwh_h 0.367 0.001 0.000 0.000 0.380 0.023 0.000 0.000 0.367 0.403 tem_h 27.2 27.1 27.2
13 kwh_h 0.274 0.007 0.000 0.010 0.282 0.024 0.000 0.000 0.280 0.316 tem_h 27.4 27.2 27.4
14 kwh_h 0.412 0.197 0.382 0.002 0.233 0.025 0.000 0.000 0.608 0.641 tem_h 27.6 27.4 27.6
15 kwh_h 0.210 0.003 0.001 0.000 0.220 0.024 0.000 0.000 0.212 0.246 tem_h 27.7 27.6 27.8
16 kwh_h 0.531 0.363 0.711 0.001 0.201 0.026 0.000 0.000 0.894 0.939 tem_h 27.8 27.7 27.9
17 kwh_h 0.252 0.034 0.065 0.000 0.235 0.024 0.000 0.000 0.287 0.324 tem_h 27.8 27.6 27.9
18 kwh_h 0.269 0.001 0.000 0.000 0.277 0.023 0.000 0.000 0.270 0.300 tem_h 27.7 27.6 27.8
19 kwh_h 0.330 0.001 0.000 0.000 0.342 0.023 0.000 0.000 0.331 0.366 tem_h 27.5 27.4 27.7
20 kwh_h 0.393 0.001 0.000 0.000 0.403 0.023 0.000 0.000 0.394 0.427 tem_h 27.5 27.4 27.6
21 kwh_h 0.331 0.003 0.000 0.004 0.336 0.024 0.000 0.000 0.334 0.365 tem_h 27.5 27.4 27.6
22 kwh_h 0.400 0.091 0.169 0.000 0.331 0.026 0.000 0.000 0.491 0.527 tem_h 27.5 27.4 27.5
23 kwh_h 0.268 0.000 0.000 0.001 0.276 0.008 0.000 0.000 0.268 0.285 tem_h 27.4 27.4 27.5
