0 kwh_h 0.286 0.001 0.000 0.000 0.299 0.010 0.000 0.000 0.287 0.309 tem_h 26.3 26.2 26.4
1 kwh_h 0.197 0.001 0.000 0.000 0.209 0.019 0.000 0.000 0.198 0.228 tem_h 26.2 26.1 26.3
2 kwh_h 0.174 0.000 0.000 0.000 0.184 0.012 0.000 0.000 0.174 0.196 tem_h 26.0 25.9 26.1
3 kwh_h 0.214 0.000 0.000 0.000 0.225 0.008 0.000 0.000 0.214 0.233 tem_h 25.9 25.8 25.9
4 kwh_h 0.228 0.000 0.000 0.000 0.238 0.008 0.000 0.000 0.228 0.246 tem_h 25.7 25.7 25.8
5 kwh_h 0.197 0.000 0.000 0.000 0.208 0.007 0.000 0.000 0.197 0.215 tem_h 25.7 25.6 25.7
6 kwh_h 0.161 0.000 0.000 0.000 0.175 0.009 0.000 0.000 0.162 0.184 tem_h 25.6 25.6 25.7
7 kwh_h 0.332 0.159 0.310 0.000 0.185 0.024 0.000 0.000 0.492 0.520 tem_h 25.6 25.6 25.9
8 kwh_h 0.199 0.002 0.000 0.001 0.214 0.023 0.000 0.000 0.201 0.238 tem_h 25.7 25.6 25.9
9 kwh_h 0.213 0.004 0.000 0.003 0.224 0.025 0.000 0.000 0.217 0.251 tem_h 25.8 25.8 25.9
10 kwh_h 0.138 0.001 0.000 0.000 0.150 0.023 0.000 0.000 0.139 0.173 tem_h 25.9 25.8 26.0
11 kwh_h 0.240 0.003 0.000 0.002 0.247 0.023 0.000 0.000 0.243 0.273 tem_h 25.8 25.7 25.9
12 kwh_h 0.615 0.289 0.563 0.001 0.356 0.026 0.000 0.000 0.904 0.945 tem_h 25.9 25.8 26.0
13 kwh_h 0.241 0.001 0.002 0.001 0.251 0.024 0.001 0.000 0.242 0.279 tem_h 26.1 26.0 26.1
14 kwh_h 0.742 0.347 0.586 0.001 0.500 0.072 0.000 0.000 1.090 1.159 tem_h 26.2 26.0 26.3
15 kwh_h 0.295 0.002 0.000 0.001 0.306 0.023 0.000 0.000 0.297 0.331 tem_h 26.0 25.9 26.2
16 kwh_h 0.191 0.001 0.000 0.000 0.197 0.023 0.000 0.000 0.192 0.220 tem_h 26.0 25.8 26.1
17 kwh_h 0.373 0.146 0.281 0.001 0.239 0.025 0.000 0.000 0.519 0.546 tem_h 25.8 25.6 25.9
18 kwh_h 0.208 0.001 0.001 0.001 0.219 0.023 0.000 0.000 0.209 0.244 tem_h 25.7 25.6 25.8
19 kwh_h 0.236 0.005 0.000 0.003 0.246 0.025 0.000 0.000 0.241 0.274 tem_h 25.6 25.5 25.8
20 kwh_h 0.283 0.016 0.025 0.003 0.283 0.024 0.000 0.000 0.300 0.335 tem_h 25.5 25.4 25.6
21 kwh_h 0.353 0.001 0.000 0.000 0.361 0.023 0.000 0.000 0.354 0.385 tem_h 25.4 25.3 25.4
22 kwh_h 0.490 0.004 0.004 0.001 0.487 0.026 0.001 0.000 0.494 0.521 tem_h 25.3 25.3 25.4
23 kwh_h 0.584 0.324 0.553 0.086 0.288 0.011 0.000 0.000 0.908 0.938 tem_h 25.2 25.1 25.4
