0 kwh_h 0.571 0.312 0.005 0.608 0.288 0.015 0.001 0.001 0.883 0.917 tem_h 27.9 27.8 28.0
1 kwh_h 0.377 0.055 0.000 0.083 0.349 0.023 0.000 0.000 0.433 0.455 tem_h 27.8 27.6 27.9
2 kwh_h 0.226 0.001 0.001 0.001 0.238 0.014 0.000 0.000 0.227 0.253 tem_h 27.5 27.3 27.7
3 kwh_h 0.190 0.000 0.000 0.001 0.200 0.009 0.000 0.000 0.190 0.210 tem_h 27.3 27.1 27.4
4 kwh_h 0.156 0.001 0.000 0.000 0.169 0.011 0.000 0.000 0.157 0.181 tem_h 27.1 27.0 27.2
5 kwh_h 0.155 0.000 0.000 0.000 0.170 0.010 0.000 0.000 0.155 0.180 tem_h 27.0 26.8 27.1
6 kwh_h 0.172 0.000 0.000 0.000 0.186 0.010 0.000 0.000 0.172 0.197 tem_h 27.2 26.9 27.5
7 kwh_h 0.144 0.002 0.001 0.001 0.160 0.023 0.000 0.000 0.146 0.185 tem_h 27.6 27.5 27.8
8 kwh_h 0.342 0.130 0.002 0.251 0.234 0.025 0.001 0.001 0.472 0.514 tem_h 27.8 27.7 27.9
9 kwh_h 0.748 0.577 0.229 0.883 0.244 0.040 0.000 0.000 1.325 1.396 tem_h 27.9 27.8 28.0
10 kwh_h 1.006 0.877 1.057 0.756 0.213 0.038 0.002 0.001 1.883 2.068 tem_h 28.0 27.9 28.2
11 kwh_h 0.202 0.003 0.000 0.003 0.210 0.023 0.000 0.000 0.204 0.236 tem_h 28.3 28.1 28.4
12 kwh_h 0.136 0.001 0.000 0.000 0.147 0.023 0.000 0.000 0.137 0.170 tem_h 28.6 28.4 28.7
13 kwh_h 0.187 0.001 0.000 0.000 0.198 0.023 0.000 0.000 0.188 0.221 tem_h 28.8 28.6 28.9
14 kwh_h 0.189 0.003 0.000 0.001 0.202 0.024 0.000 0.000 0.191 0.228 tem_h 29.1 28.9 29.3
15 kwh_h 0.271 0.003 0.001 0.001 0.285 0.024 0.000 0.000 0.274 0.312 tem_h 29.4 29.2 29.4
16 kwh_h 0.178 0.001 0.000 0.000 0.189 0.023 0.000 0.000 0.179 0.212 tem_h 29.4 29.4 29.4
17 kwh_h 0.150 0.001 0.000 0.001 0.161 0.023 0.000 0.000 0.151 0.185 tem_h 29.5 29.4 29.5
18 kwh_h 0.183 0.003 0.000 0.000 0.192 0.025 0.000 0.000 0.185 0.217 tem_h 29.5 29.4 29.5
19 kwh_h 0.143 0.001 0.000 0.000 0.155 0.023 0.000 0.000 0.144 0.178 tem_h 29.5 29.4 29.6
20 kwh_h 0.186 0.001 0.000 0.000 0.196 0.023 0.000 0.000 0.187 0.219 tem_h 29.4 29.3 29.5
21 kwh_h 0.424 0.266 0.266 0.266 0.195 0.026 0.000 0.000 0.690 0.753 tem_h 29.2 29.1 29.4
22 kwh_h 0.669 0.444 0.127 0.740 0.264 0.028 0.002 0.001 1.113 1.163 tem_h 29.0 29.0 29.1
23 kwh_h 0.624 0.378 0.003 0.748 0.280 0.011 0.001 0.000 1.002 1.043 tem_h 28.9 28.8 29.0
