0 kwh_h 0.256 0.001 0.000 0.000 0.266 0.007 0.000 0.000 0.257 0.273 tem_h 26.8 26.7 26.9
1 kwh_h 0.258 0.001 0.001 0.000 0.271 0.016 0.000 0.000 0.259 0.288 tem_h 26.6 26.6 26.8
2 kwh_h 0.170 0.007 0.001 0.000 0.182 0.024 0.000 0.000 0.176 0.207 tem_h 26.5 26.4 26.6
3 kwh_h 0.243 0.002 0.002 0.001 0.255 0.022 0.001 0.000 0.245 0.281 tem_h 26.3 26.2 26.4
4 kwh_h 0.217 0.000 0.000 0.000 0.232 0.011 0.000 0.000 0.217 0.243 tem_h 26.2 26.1 26.3
5 kwh_h 0.172 0.001 0.001 0.001 0.182 0.010 0.000 0.000 0.172 0.195 tem_h 26.1 26.1 26.2
6 kwh_h 0.192 0.000 0.000 0.000 0.204 0.010 0.000 0.000 0.193 0.214 tem_h 26.5 26.2 26.7
7 kwh_h 0.206 0.001 0.000 0.000 0.223 0.023 0.000 0.000 0.208 0.246 tem_h 26.6 26.5 26.7
8 kwh_h 0.750 0.524 1.028 0.000 0.266 0.024 0.000 0.000 1.274 1.318 tem_h 26.8 26.7 26.9
9 kwh_h 0.396 0.174 0.337 0.003 0.247 0.024 0.000 0.000 0.570 0.612 tem_h 27.1 26.9 27.2
10 kwh_h 0.281 0.003 0.000 0.004 0.290 0.023 0.000 0.000 0.284 0.318 tem_h 27.3 27.2 27.4
11 kwh_h 0.402 0.001 0.000 0.000 0.409 0.023 0.000 0.000 0.402 0.433 tem_h 27.6 27.4 27.7
12 kwh_h 0.348 0.001 0.000 0.001 0.360 0.023 0.000 0.000 0.349 0.384 tem_h 27.8 27.7 27.9
13 kwh_h 0.329 0.004 0.000 0.005 0.336 0.023 0.000 0.000 0.333 0.365 tem_h 28.0 27.9 28.2
14 kwh_h 0.335 0.003 0.001 0.002 0.335 0.025 0.000 0.001 0.337 0.365 tem_h 28.3 28.1 28.6
15 kwh_h 0.353 0.002 0.001 0.002 0.361 0.024 0.000 0.001 0.355 0.389 tem_h 28.6 28.5 28.7
16 kwh_h 0.343 0.001 0.000 0.000 0.356 0.023 0.000 0.000 0.344 0.380 tem_h 28.7 28.6 28.9
17 kwh_h 0.366 0.129 0.252 0.001 0.267 0.025 0.000 0.000 0.495 0.545 tem_h 28.9 28.8 29.0
18 kwh_h 0.704 0.003 0.001 0.000 0.706 0.025 0.000 0.000 0.706 0.732 tem_h 29.0 28.9 29.1
19 kwh_h 0.559 0.001 0.001 0.001 0.567 0.024 0.000 0.000 0.561 0.594 tem_h 29.1 29.1 29.2
20 kwh_h 0.683 0.315 0.449 0.165 0.418 0.034 0.003 0.002 0.998 1.072 tem_h 29.1 29.1 29.2
21 kwh_h 0.701 0.421 0.001 0.808 0.318 0.024 0.000 0.000 1.122 1.152 tem_h 28.9 28.7 29.1
22 kwh_h 0.298 0.035 0.001 0.061 0.276 0.024 0.000 0.000 0.333 0.362 tem_h 28.8 28.7 28.9
23 kwh_h 0.383 0.065 0.125 0.000 0.333 0.009 0.000 0.000 0.448 0.468 tem_h 28.7 28.6 28.7
