0 kwh_h 0.258 0.000 0.000 0.001 0.266 0.008 0.000 0.000 0.259 0.276 tem_h 24.0 23.9 24.1
1 kwh_h 0.272 0.001 0.000 0.000 0.281 0.010 0.000 0.000 0.274 0.292 tem_h 23.9 23.9 24.0
2 kwh_h 0.157 0.003 0.000 0.000 0.171 0.023 0.000 0.000 0.160 0.194 tem_h 23.8 23.7 23.9
3 kwh_h 0.186 0.001 0.000 0.000 0.195 0.015 0.000 0.000 0.186 0.210 tem_h 23.7 23.6 23.8
4 kwh_h 0.143 0.001 0.000 0.000 0.157 0.010 0.000 0.000 0.144 0.168 tem_h 23.6 23.5 23.7
5 kwh_h 0.153 0.002 0.002 0.002 0.160 0.012 0.001 0.000 0.155 0.177 tem_h 23.5 23.4 23.6
6 kwh_h 0.238 0.000 0.000 0.000 0.253 0.009 0.000 0.000 0.238 0.262 tem_h 23.8 23.4 24.1
7 kwh_h 0.245 0.002 0.000 0.001 0.257 0.024 0.000 0.000 0.247 0.284 tem_h 24.0 23.9 24.1
8 kwh_h 0.201 0.021 0.000 0.039 0.192 0.023 0.000 0.000 0.222 0.255 tem_h 24.1 24.0 24.3
9 kwh_h 0.365 0.211 0.401 0.005 0.176 0.027 0.000 0.001 0.576 0.609 tem_h 24.4 24.2 24.5
10 kwh_h 0.172 0.000 0.001 0.001 0.182 0.023 0.000 0.000 0.172 0.207 tem_h 24.6 24.4 24.7
11 kwh_h 0.383 0.160 0.306 0.003 0.241 0.025 0.000 0.000 0.543 0.575 tem_h 24.8 24.7 25.0
12 kwh_h 0.297 0.002 0.000 0.000 0.303 0.024 0.000 0.000 0.299 0.328 tem_h 25.1 24.9 25.3
13 kwh_h 0.214 0.002 0.000 0.000 0.217 0.024 0.000 0.000 0.216 0.242 tem_h 25.4 25.2 25.5
14 kwh_h 0.189 0.001 0.000 0.000 0.196 0.023 0.000 0.000 0.190 0.220 tem_h 25.7 25.5 25.9
15 kwh_h 0.223 0.001 0.000 0.001 0.231 0.024 0.000 0.000 0.224 0.256 tem_h 25.9 25.8 26.1
16 kwh_h 0.509 0.296 0.000 0.576 0.242 0.023 0.000 0.000 0.805 0.843 tem_h 26.2 26.1 26.2
17 kwh_h 0.408 0.239 0.263 0.200 0.201 0.026 0.000 0.000 0.647 0.689 tem_h 26.3 26.2 26.4
18 kwh_h 0.871 0.619 0.451 0.809 0.309 0.025 0.000 0.000 1.491 1.594 tem_h 26.5 26.4 26.6
19 kwh_h 0.586 0.062 0.007 0.104 0.538 0.027 0.000 0.000 0.648 0.677 tem_h 26.7 26.6 26.8
20 kwh_h 0.357 0.003 0.002 0.005 0.364 0.024 0.000 0.000 0.360 0.395 tem_h 26.8 26.7 26.9
21 kwh_h 0.640 0.326 0.003 0.631 0.341 0.024 0.000 0.000 0.966 1.000 tem_h 26.8 26.8 26.9
22 kwh_h 0.673 0.473 0.341 0.579 0.241 0.026 0.000 0.001 1.145 1.189 tem_h 26.8 26.8 26.9
23 kwh_h 0.278 0.022 0.001 0.044 0.267 0.009 0.000 0.000 0.301 0.322 tem_h 26.8 26.8 26.9
