0 kwh_h 0.637 0.393 0.003 0.740 0.284 0.028 0.001 0.001 1.030 1.056 tem_h 28.5 28.1 28.8
1 kwh_h 0.253 0.030 0.001 0.020 0.254 0.036 0.000 0.000 0.282 0.311 tem_h 28.1 27.9 28.3
2 kwh_h 0.214 0.014 0.001 0.000 0.223 0.029 0.000 0.000 0.227 0.253 tem_h 27.8 27.7 27.9
3 kwh_h 0.229 0.000 0.000 0.000 0.240 0.011 0.000 0.000 0.229 0.252 tem_h 27.8 27.7 27.9
4 kwh_h 0.216 0.000 0.000 0.000 0.221 0.011 0.000 0.000 0.217 0.233 tem_h 27.6 27.4 27.7
5 kwh_h 0.327 0.001 0.000 0.000 0.333 0.011 0.000 0.000 0.328 0.345 tem_h 27.4 27.3 27.5
6 kwh_h 0.222 0.001 0.002 0.001 0.229 0.008 0.001 0.000 0.224 0.241 tem_h 27.3 27.2 27.4
7 kwh_h 0.193 0.001 0.000 0.000 0.203 0.023 0.000 0.000 0.194 0.226 tem_h 27.2 27.1 27.3
8 kwh_h 0.286 0.001 0.001 0.000 0.294 0.022 0.000 0.000 0.287 0.317 tem_h 27.1 27.0 27.2
9 kwh_h 0.236 0.004 0.000 0.000 0.247 0.025 0.000 0.000 0.240 0.274 tem_h 27.1 27.0 27.2
10 kwh_h 0.240 0.003 0.001 0.000 0.247 0.024 0.000 0.000 0.243 0.273 tem_h 27.3 27.2 27.3
11 kwh_h 0.869 0.305 0.596 0.000 0.601 0.026 0.000 0.000 1.175 1.223 tem_h 27.4 27.2 27.6
12 kwh_h 0.367 0.003 0.001 0.000 0.372 0.021 0.000 0.000 0.370 0.395 tem_h 27.8 27.6 28.1
13 kwh_h 0.396 0.184 0.360 0.001 0.229 0.022 0.000 0.000 0.581 0.612 tem_h 27.9 27.6 28.1
14 kwh_h 0.631 0.397 0.768 0.004 0.274 0.028 0.002 0.001 1.028 1.076 tem_h 27.8 27.6 27.9
15 kwh_h 0.177 0.001 0.000 0.000 0.184 0.023 0.000 0.000 0.177 0.208 tem_h 27.8 27.8 27.9
16 kwh_h 0.227 0.001 0.000 0.000 0.235 0.023 0.000 0.000 0.227 0.258 tem_h 27.7 27.6 27.8
17 kwh_h 0.394 0.003 0.000 0.003 0.405 0.023 0.000 0.000 0.397 0.431 tem_h 27.5 27.4 27.6
18 kwh_h 0.295 0.002 0.001 0.001 0.304 0.024 0.000 0.000 0.297 0.331 tem_h 27.3 27.2 27.4
19 kwh_h 0.324 0.002 0.000 0.000 0.333 0.024 0.000 0.000 0.326 0.357 tem_h 27.2 27.1 27.2
20 kwh_h 0.468 0.179 0.350 0.001 0.312 0.025 0.000 0.000 0.647 0.688 tem_h 27.1 27.0 27.2
21 kwh_h 0.411 0.126 0.241 0.000 0.309 0.026 0.000 0.000 0.537 0.576 tem_h 26.9 26.8 27.0
22 kwh_h 0.391 0.002 0.000 0.002 0.392 0.025 0.000 0.000 0.393 0.420 tem_h 26.8 26.8 26.9
23 kwh_h 0.291 0.005 0.002 0.000 0.298 0.011 0.000 0.000 0.296 0.312 tem_h 26.7 26.6 26.8
