0 kwh_h 0.449 0.173 0.000 0.353 0.290 0.006 0.000 0.000 0.622 0.649 tem_h 28.3 28.2 28.4
1 kwh_h 0.193 0.014 0.000 0.000 0.201 0.025 0.000 0.000 0.208 0.227 tem_h 28.2 28.1 28.3
2 kwh_h 0.192 0.021 0.001 0.002 0.199 0.035 0.000 0.001 0.214 0.238 tem_h 28.1 27.9 28.2
3 kwh_h 0.199 0.012 0.000 0.000 0.204 0.034 0.000 0.000 0.210 0.239 tem_h 27.9 27.8 28.0
4 kwh_h 0.155 0.011 0.000 0.000 0.163 0.033 0.000 0.000 0.165 0.197 tem_h 27.8 27.7 27.9
5 kwh_h 0.281 0.013 0.002 0.001 0.286 0.028 0.000 0.000 0.294 0.318 tem_h 27.6 27.6 27.8
6 kwh_h 0.244 0.009 0.000 0.000 0.253 0.027 0.000 0.000 0.253 0.279 tem_h 27.6 27.5 27.6
7 kwh_h 0.224 0.024 0.000 0.000 0.233 0.034 0.000 0.000 0.248 0.267 tem_h 27.6 27.4 27.6
8 kwh_h 0.201 0.014 0.001 0.000 0.211 0.029 0.000 0.000 0.215 0.241 tem_h 27.5 27.4 27.6
9 kwh_h 0.313 0.044 0.000 0.074 0.288 0.027 0.000 0.000 0.357 0.389 tem_h 27.4 27.4 27.5
10 kwh_h 0.254 0.004 0.000 0.000 0.266 0.025 0.000 0.000 0.258 0.292 tem_h 27.3 27.0 27.4
11 kwh_h 0.321 0.002 0.002 0.001 0.332 0.024 0.001 0.000 0.323 0.360 tem_h 27.1 26.9 27.4
12 kwh_h 0.682 0.398 0.778 0.000 0.337 0.028 0.000 0.000 1.080 1.143 tem_h 27.4 27.3 27.6
13 kwh_h 0.566 0.217 0.423 0.002 0.386 0.028 0.000 0.001 0.783 0.841 tem_h 27.5 27.3 27.6
14 kwh_h 0.303 0.005 0.001 0.000 0.312 0.026 0.000 0.000 0.308 0.340 tem_h 27.7 27.4 27.9
15 kwh_h 0.294 0.003 0.001 0.004 0.300 0.024 0.000 0.000 0.296 0.329 tem_h 27.4 27.2 27.5
16 kwh_h 0.240 0.053 0.100 0.003 0.202 0.024 0.000 0.000 0.293 0.329 tem_h 27.4 27.2 27.4
17 kwh_h 0.354 0.064 0.122 0.000 0.309 0.024 0.000 0.000 0.418 0.456 tem_h 27.3 27.1 27.4
18 kwh_h 0.342 0.003 0.002 0.001 0.348 0.025 0.001 0.000 0.345 0.376 tem_h 27.3 27.2 27.4
19 kwh_h 0.478 0.172 0.337 0.004 0.323 0.025 0.000 0.001 0.650 0.691 tem_h 27.3 27.3 27.4
20 kwh_h 0.383 0.003 0.001 0.001 0.392 0.024 0.000 0.000 0.386 0.418 tem_h 27.0 26.7 27.4
21 kwh_h 0.328 0.002 0.001 0.000 0.338 0.023 0.000 0.000 0.330 0.362 tem_h 26.7 26.6 26.8
22 kwh_h 1.059 0.665 1.300 0.007 0.453 0.026 0.000 0.000 1.724 1.786 tem_h 26.6 26.4 26.7
23 kwh_h 0.404 0.001 0.000 0.000 0.416 0.012 0.000 0.000 0.405 0.429 tem_h 26.5 26.4 26.6
